youshuijie_90m_DEM.txt
ncols	395
nrows	575
xllcenter	728172.117396
yllcenter	3685632.186265
cellsize	85.0473
nodata_value	-9999.000000
[rows 408 to 431 of 575, columns 216 to 269 of 395]
1326.000000 1354.000000 1381.000000 1382.000000 1369.000000 1373.000000 1383.000000 1373.000000 1356.000000 1314.000000 1271.000000 1245.000000 1216.000000 1147.000000 1093.000000 1053.000000 1026.000000 990.000000 953.000000 910.000000 878.000000 850.000000 848.000000 844.000000 808.000000 772.000000 740.000000 713.000000 700.000000 690.000000 680.000000 671.000000 660.000000 652.003410 708.000000 726.000000 742.000000 765.000000 782.000000 827.000000 865.000000 899.000000 939.000000 933.000000 961.000000 938.000000 922.000000 910.000000 886.000000 894.000000 903.000000 917.000000 951.000000 1002.000000
1327.000000 1354.000000 1381.000000 1382.000000 1347.001000 1358.000000 1365.000000 1362.000000 1348.000000 1334.000000 1309.000000 1271.000000 1205.000000 1171.000000 1060.000000 1018.000000 985.000000 943.000000 913.000000 875.000000 857.000000 835.000000 812.000000 792.000000 760.000000 747.000000 726.000000 716.000000 706.000000 691.000000 681.000000 669.000000 657.000000 652.002410 694.000000 705.000000 718.000000 728.000000 746.000000 788.000000 820.000000 855.000000 891.000000 933.000000 961.000000 938.000000 848.000000 837.000000 832.001000 845.000000 857.000000 880.000000 917.000000 963.000000
1336.000000 1342.000000 1356.000000 1350.000000 1347.000000 1358.000000 1365.000000 1325.000000 1345.000000 1331.000000 1305.000000 1273.000000 1229.000000 1202.000000 1077.000000 1026.000000 978.000000 949.000000 927.000000 898.000000 882.000000 855.000000 821.000000 800.000000 764.000000 763.000000 757.000000 731.000000 706.000000 691.000000 682.000000 669.000000 654.000000 652.001410 674.000000 739.000000 760.000000 771.000000 769.000000 766.000000 778.000000 805.000000 842.000000 877.000000 892.000000 867.000000 848.000000 837.000000 832.000000 845.000000 874.000000 878.000000 889.000000 919.000000
1327.000000 1310.000000 1311.000000 1311.000000 1303.000000 1306.000000 1318.000000 1325.000000 1345.000000 1331.000000 1305.000000 1255.000000 1237.000000 1216.000000 1095.000000 1048.000000 1012.000000 980.000000 955.000000 947.000000 917.000000 865.000000 833.000000 816.000000 795.000000 807.000000 805.000000 754.000000 712.000000 691.000000 674.000000 662.000000 652.000000 657.000000 696.000000 794.000000 819.000000 830.000000 819.000000 783.000000 766.001410 778.000000 792.000000 806.000000 815.000000 805.000000 807.000000 821.000000 840.000000 859.000000 874.000000 878.000000 889.000000 938.000000
1301.000000 1271.000000 1266.000000 1258.000000 1257.000000 1271.000000 1284.000000 1288.000000 1304.000000 1305.000000 1280.000000 1255.000000 1237.000000 1216.000000 1136.000000 1084.000000 1055.000000 1028.000000 1001.000000 956.000000 906.000000 881.000000 867.000000 867.000000 847.000000 834.000000 794.000000 749.000000 709.000000 685.000000 666.000000 653.000000 647.008820 658.000000 709.000000 781.000000 814.000000 849.000000 858.000000 826.000000 784.000000 766.002820 766.003820 776.000000 783.000000 801.000000 829.000000 847.000000 872.000000 905.000000 918.000000 927.000000 934.000000 938.000000
1277.000000 1236.000000 1226.000000 1204.000000 1210.000000 1224.000000 1241.000000 1243.000000 1256.000000 1272.000000 1256.000000 1222.000000 1210.000000 1205.000000 1170.000000 1084.000000 1055.000000 1028.000000 1016.000000 960.000000 934.000000 936.000000 928.000000 911.000000 896.000000 844.000000 780.000000 738.000000 702.000000 677.000000 659.000000 648.000000 647.007820 658.000000 689.000000 717.000000 758.000000 786.000000 821.000000 836.000000 816.000000 788.000000 790.000000 801.000000 806.000000 820.000000 845.000000 878.000000 902.000000 938.000000 980.000000 997.000000 992.000000 980.000000
1263.000000 1229.000000 1192.000000 1160.000000 1159.000000 1174.000000 1204.000000 1211.000000 1215.000000 1226.000000 1219.000000 1190.000000 1177.000000 1181.000000 1180.000000 1141.000000 1113.000000 1075.000000 1016.000000 960.000000 934.001000 998.000000 988.000000 971.000000 937.000000 851.000000 800.000000 737.000000 699.000000 673.000000 656.000000 647.006410 647.006820 657.000000 678.000000 694.000000 722.000000 741.000000 766.000000 787.000000 811.000000 808.000000 814.000000 831.000000 834.000000 836.000000 874.000000 907.000000 941.000000 978.000000 1020.000000 1050.000000 1045.000000 1024.000000
1237.000000 1200.000000 1165.000000 1124.000000 1116.000000 1137.000000 1161.000000 1171.000000 1174.000000 1179.000000 1181.000000 1161.000000 1145.000000 1139.000000 1138.000000 1168.000000 1144.000000 1065.000000 1004.000000 995.000000 999.000000 998.000000 988.000000 971.000000 937.000000 876.000000 782.000000 726.000000 690.000000 661.000000 647.005000 647.005410 649.000000 659.000000 669.000000 682.000000 706.000000 721.000000 734.000000 751.000000 790.000000 819.000000 839.000000 866.000000 871.000000 866.000000 905.000000 939.000000 995.000000 1045.000000 1079.000000 1102.000000 1108.000000 1095.000000
1204.000000 1164.000000 1129.000000 1096.000000 1082.000000 1094.000000 1106.000000 1120.000000 1144.000000 1135.000000 1129.000000 1117.000000 1107.000000 1094.000000 1106.000000 1136.000000 1140.000000 1087.000000 1082.000000 1063.000000 1046.000000 1021.000000 1002.000000 976.000000 927.000000 876.000000 782.000000 726.000000 681.000000 655.000000 647.004000 647.004410 654.000000 664.000000 671.000000 680.000000 696.000000 708.000000 723.000000 741.000000 762.000000 791.000000 817.000000 842.000000 870.000000 896.000000 903.000000 963.000000 1017.000000 1073.000000 1112.000000 1137.000000 1143.000000 1151.000000
1165.000000 1134.000000 1094.000000 1060.000000 1043.000000 1050.000000 1061.000000 1086.000000 1116.000000 1111.000000 1085.000000 1066.000000 1060.000000 1062.000000 1089.000000 1119.000000 1157.000000 1141.000000 1115.000000 1056.000000 1013.000000 970.000000 955.000000 933.000000 898.000000 852.000000 781.000000 723.000000 681.000000 655.000000 647.003000 648.000000 655.000000 664.000000 671.000000 682.000000 687.000000 700.000000 712.000000 727.000000 736.000000 754.000000 774.000000 798.000000 829.000000 866.000000 902.000000 960.000000 988.000000 1013.000000 1044.000000 1077.000000 1112.000000 1146.000000
1131.000000 1111.000000 1064.000000 1032.000000 1010.000000 1023.000000 1032.000000 1058.000000 1087.000000 1105.000000 1078.000000 1036.000000 1021.000000 1037.000000 1061.000000 1088.000000 1130.000000 1145.000000 1111.000000 1042.000000 985.000000 938.000000 898.000000 880.000000 878.000000 875.000000 847.000000 746.000000 690.000000 648.000000 647.002000 648.000000 655.000000 664.000000 671.000000 699.000000 706.000000 712.000000 720.000000 730.000000 735.000000 744.000000 752.000000 769.000000 785.000000 823.000000 850.000000 913.000000 921.000000 938.000000 958.000000 985.000000 1033.000000 1083.000000
1094.000000 1082.000000 1035.000000 1000.000000 977.000000 989.000000 1002.000000 1030.000000 1058.000000 1085.000000 1087.000000 1045.000000 998.000000 997.000000 1020.000000 1051.000000 1071.000000 1124.000000 1093.000000 1041.000000 994.000000 945.000000 876.000000 838.000000 819.000000 828.000000 826.000000 773.000000 712.000000 663.000000 647.001000 647.001410 661.000000 673.000000 684.000000 699.000000 706.000000 712.000000 766.000000 784.000000 777.000000 773.000000 769.000000 771.000000 774.000000 796.000000 803.000000 833.000000 861.000000 874.000000 896.000000 920.000000 960.000000 1004.000000
1063.000000 1054.000000 1017.000000 973.000000 948.000000 948.000000 992.000000 1014.000000 1033.000000 1058.000000 1069.000000 1028.000000 983.000000 953.000000 974.000000 1012.000000 1036.000000 1109.000000 1085.000000 1025.000000 969.000000 927.000000 887.000000 820.000000 779.000000 754.000000 763.000000 738.000000 714.000000 676.000000 647.000000 650.000000 667.000000 678.000000 692.000000 706.000000 715.000000 729.000000 766.000000 784.000000 777.000000 773.000000 824.000000 821.000000 821.000000 824.000000 821.000000 827.000000 882.000000 917.000000 930.000000 939.000000 960.000000 987.000000
1063.000000 1054.000000 1017.000000 951.000000 916.001000 922.000000 953.000000 985.000000 999.000000 1018.000000 1022.000000 991.000000 953.000000 909.000000 925.000000 967.000000 1017.000000 1082.000000 1062.000000 1008.000000 949.000000 890.000000 844.000000 805.000000 748.000000 699.000000 697.000000 694.000000 685.000000 664.000000 642.004410 651.000000 668.000000 686.000000 701.000000 715.000000 720.000000 743.000000 795.000000 829.000000 837.000000 832.000000 824.000000 821.001000 821.001000 867.000000 846.000000 848.000000 926.000000 972.000000 1006.000000 1014.000000 1018.000000 1043.000000
1038.000000 1039.000000 989.000000 951.000000 916.000000 922.000000 943.000000 954.000000 967.000000 993.000000 989.000000 947.000000 912.000000 875.000000 892.000000 939.000000 985.000000 1044.000000 1040.000000 983.000000 928.000000 871.000000 827.000000 787.000000 704.000000 654.000000 647.000000 649.000000 654.000000 650.000000 642.003410 655.000000 676.000000 694.000000 705.000000 721.000000 737.000000 751.000000 816.000000 858.000000 894.000000 892.000000 871.000000 875.000000 876.000000 867.000000 846.001000 848.000000 888.000000 979.000000 1024.000000 1057.000000 1086.000000 1110.000000
1005.000000 1010.000000 961.000000 923.000000 899.000000 910.000000 943.000000 954.000000 967.000000 960.000000 963.000000 923.000000 877.000000 842.000000 850.000000 893.000000 943.000000 972.000000 1017.000000 968.000000 925.000000 866.000000 797.000000 735.000000 658.000000 641.001000 641.001410 642.000000 642.001000 642.002000 644.000000 669.000000 700.000000 720.000000 732.000000 750.000000 763.000000 778.000000 794.000000 866.000000 913.000000 939.000000 928.000000 936.000000 934.000000 902.000000 877.000000 866.000000 888.000000 979.000000 1024.000000 1057.000000 1113.000000 1159.000000
968.000000 976.000000 933.000000 902.000000 878.000000 894.000000 930.000000 925.000000 932.000000 960.000000 963.000000 923.000000 877.000000 814.000000 812.001000 855.000000 894.000000 923.000000 992.000000 963.000000 900.000000 835.000000 768.000000 706.000000 647.000000 641.000000 661.000000 684.000000 687.000000 680.000000 697.000000 720.000000 754.000000 773.000000 795.000000 810.000000 808.000000 811.000000 839.000000 866.000000 904.000000 957.000000 980.000000 995.000000 990.000000 949.000000 918.000000 907.000000 894.000000 955.000000 1014.000000 1064.000000 1113.000000 1159.000000
944.000000 949.000000 905.000000 873.000000 853.000000 879.000000 903.000000 889.000000 899.000000 927.000000 943.000000 906.000000 860.000000 814.000000 812.000000 855.000000 850.000000 897.000000 940.000000 927.000000 866.000000 820.000000 756.000000 693.000000 639.001410 647.000000 667.000000 692.000000 728.000000 773.000000 797.000000 812.000000 813.000000 823.000000 854.000000 869.000000 864.000000 866.000000 884.000000 916.000000 928.000000 975.000000 1019.000000 1046.000000 1025.000000 980.000000 976.000000 967.000000 942.000000 950.000000 1009.000000 1069.000000 1120.000000 1180.000000
912.000000 908.000000 878.000000 850.000000 834.000000 855.000000 878.000000 862.000000 866.000000 892.000000 914.000000 893.000000 852.000000 798.000000 782.000000 811.000000 850.000000 897.000000 934.000000 927.000000 864.000000 814.000000 730.000000 698.000000 644.000000 639.000000 659.000000 686.000000 720.000000 799.000000 833.000000 863.000000 884.000000 889.000000 908.000000 923.000000 928.000000 931.000000 946.000000 987.000000 994.000000 1012.000000 1061.000000 1097.000000 1067.000000 1035.000000 1028.000000 1019.000000 983.000000 970.000000 1000.000000 1077.000000 1129.000000 1172.000000
890.000000 880.000000 854.000000 828.000000 813.000000 838.000000 863.000000 844.000000 835.000000 868.000000 891.000000 881.000000 849.000000 785.000000 757.000000 785.000000 834.000000 872.000000 877.000000 875.000000 864.000000 814.000000 730.000000 695.000000 650.000000 638.006820 652.000000 678.000000 709.000000 769.000000 799.000000 835.000000 875.000000 911.000000 954.000000 977.000000 989.000000 1004.000000 1010.000000 1020.000000 1053.000000 1054.000000 1087.000000 1133.000000 1120.000000 1094.000000 1087.000000 1054.000000 1027.000000 1017.000000 1041.000000 1071.000000 1113.000000 1161.000000
871.000000 856.000000 841.000000 813.000000 792.000000 816.000000 835.000000 819.000000 784.000000 836.000000 852.000000 854.000000 831.000000 765.000000 727.000000 754.000000 804.000000 842.000000 828.000000 834.000000 846.000000 818.000000 754.000000 695.000000 650.000000 638.005820 652.000000 662.000000 686.000000 705.000000 764.000000 788.000000 826.000000 872.000000 919.000000 960.000000 994.000000 1023.000000 1053.000000 1080.000000 1119.000000 1113.000000 1117.000000 1143.000000 1167.000000 1160.000000 1140.000000 1107.000000 1073.000000 1055.000000 1098.000000 1093.000000 1136.000000 1171.000000
856.000000 838.000000 818.000000 799.000000 779.000000 785.000000 794.000000 779.000000 760.000000 796.000000 799.000000 812.000000 802.000000 756.000000 709.000000 731.000000 777.000000 799.000000 781.000000 796.000000 806.000000 800.000000 759.000000 705.000000 655.000000 638.004820 642.000000 662.000000 686.000000 705.000000 757.000000 766.000000 787.000000 831.000000 880.000000 914.000000 946.000000 985.000000 1024.000000 1062.000000 1126.000000 1158.000000 1161.000000 1160.000000 1178.000000 1204.000000 1197.000000 1164.000000 1131.000000 1122.000000 1137.000000 1121.000000 1145.000000 1188.000000
835.000000 831.000000 805.000000 783.000000 767.000000 753.000000 763.000000 752.000000 736.000000 750.000000 750.000000 756.000000 750.000000 731.000000 696.000000 720.000000 756.000000 752.000000 733.000000 731.000000 760.000000 765.000000 746.000000 700.000000 657.000000 638.003820 638.003410 671.000000 705.000000 732.000000 757.000000 766.000000 787.000000 821.000000 846.000000 875.000000 911.000000 950.000000 994.000000 1028.000000 1066.000000 1146.000000 1174.000000 1193.000000 1206.000000 1225.000000 1241.000000 1229.000000 1209.000000 1174.000000 1162.000000 1179.000000 1184.000000 1220.000000
805.000000 804.000000 802.000000 771.000000 755.000000 731.000000 735.000000 730.000000 719.000000 710.000000 712.000000 706.000000 702.000000 695.000000 673.000000 694.000000 715.000000 703.000000 692.000000 690.000000 702.000000 706.000000 699.000000 698.000000 665.000000 638.002820 638.002410 663.000000 712.000000 758.000000 808.000000 805.000000 807.000000 821.000000 846.000000 875.000000 911.000000 930.000000 966.000000 1008.000000 1047.000000 1127.000000 1163.000000 1186.000000 1208.000000 1235.000000 1238.000000 1238.000000 1233.000000 1223.000000 1215.000000 1234.000000 1247.000000 1258.000000
