youshuijie_90m_distance000.txt
ncols	397
nrows	573
xllcenter	728069.046453
yllcenter	3685908.581430
cellsize	84.8183
nodata_value	-1.000000
[rows 384 to 407 of 573, columns 165 to 219 of 397]
38367.154083 38451.972383 38536.790683 38472.552753 38387.734453 38302.916153 38267.783263 38352.601563 38387.734453 38472.552753 38557.371053 38642.189353 38727.007653 38882.091734 36319.459181 36234.640881 36149.822581 36114.689690 36079.556800 36114.689690 36079.556800 36114.689690 36199.507990 36284.326290 36369.144590 36453.962890 36728.998161 36884.082241 35939.025239 35854.206939 35769.388639 35614.304559 35529.486259 35444.667959 35359.849659 35275.031359 35239.898469 35155.080169 35119.947279 35035.128979 35070.261869 34625.589998 34540.771698 34336.002208 34251.183908 34216.051018 34180.918128 33976.148637 33941.015747 33636.875437 33432.105947 33347.287647 33192.203567 33107.385267 33072.252377
38402.286973 38487.105273 38571.923573 38218.097853 38182.964963 38267.783263 38182.964963 38267.783263 38352.601563 38437.419863 38592.503943 38677.322243 38762.140543 38846.958843 36284.326290 36199.507990 36114.689690 36029.871390 35994.738500 35959.605610 35994.738500 36079.556800 36164.375100 36249.193400 36334.011700 36369.144590 36453.962890 36058.976430 35903.892349 35819.074049 35734.255749 35649.437449 35494.353369 35409.535069 35324.716769 35239.898469 35155.080169 35070.261869 35035.128979 34950.310679 34985.443569 34660.722888 34505.638808 34420.820508 34336.002208 34300.869318 34385.687618 33841.644928 33756.826628 33552.057137 33516.924247 33312.154757 33227.336457 33192.203567 32987.434077
38437.419863 37992.747992 37957.615102 38063.013773 38098.146663 38063.013773 38098.146663 38133.279553 38218.097853 38302.916153 38387.734453 38472.552753 38797.273434 36334.011700 36249.193400 36164.375100 36079.556800 35994.738500 35909.920200 35874.787310 35909.920200 35994.738500 36079.556800 36164.375100 36249.193400 36334.011700 36319.459181 36023.843539 35939.025239 35783.941159 35699.122859 35614.304559 35529.486259 35444.667959 35359.849659 35324.716769 35119.947279 35035.128979 34950.310679 34865.492379 34830.359488 34745.541188 34540.771698 34455.953398 34420.820508 34385.687618 34420.820508 33926.463228 33841.644928 33516.924247 33432.105947 33347.287647 33312.154757 33107.385267 33072.252377
37943.062583 37907.929692 37872.796802 37978.195473 37943.062583 37978.195473 38013.328363 38098.146663 38253.230743 38338.049043 38422.867343 38507.685643 38592.503943 36249.193400 36164.375100 36079.556800 35994.738500 35909.920200 35825.101900 35789.969010 35825.101900 35909.920200 35994.738500 36199.507990 36164.375100 36199.507990 36284.326290 35988.710649 35903.892349 35819.074049 35734.255749 35649.437449 35564.619149 35479.800849 35444.667959 35239.898469 35155.080169 35119.947279 35035.128979 34830.359488 34745.541188 34660.722888 34575.904588 34540.771698 34505.638808 34470.505918 34505.638808 33961.596118 33926.463228 33552.057137 33467.238837 33432.105947 33326.707277 33241.888977 33157.070677
37858.244283 37823.111392 37787.978502 37823.111392 37858.244283 37893.377173 37978.195473 38133.279553 38048.461253 38133.279553 38218.097853 38302.916153 38387.734453 36284.326290 36129.242210 36044.423910 35959.605610 35874.787310 35789.969010 35705.150710 35789.969010 35874.787310 35909.920200 36044.423910 36079.556800 36164.375100 36249.193400 36023.843539 35939.025239 35903.892349 35819.074049 35684.570339 35649.437449 35564.619149 35529.486259 35275.031359 35119.947279 35035.128979 34950.310679 34865.492379 34780.674079 34745.541188 34660.722888 34695.855779 34660.722888 34365.107247 34210.023167 34245.156057 33672.008328 33587.190028 33552.057137 33446.658467 33361.840167 33277.021867 33241.888977
37773.425983 37738.293092 37703.160202 37738.293092 37773.425983 37808.558873 37843.691763 37928.510063 38013.328363 38098.146663 38182.964963 38267.783263 38352.601563 35909.920200 35825.101900 35740.283600 35655.465300 35620.332410 35705.150710 35620.332410 35705.150710 35789.969010 35874.787310 35959.605610 36044.423910 36129.242210 36214.060510 36298.878810 36023.843539 35988.710649 35854.206939 35769.388639 35684.570339 35649.437449 35614.304559 35239.898469 35155.080169 35070.261869 34985.443569 34900.625269 34865.492379 34400.240137 34315.421837 34280.288947 34245.156057 34280.288947 34125.204867 34160.337757 34005.253677 33920.435377 33566.609657 33481.791357 33396.973057 33361.840167 33326.707277
37568.656492 37653.474792 37618.341902 37653.474792 37688.607683 37723.740573 37808.558873 37893.377173 37978.195473 38063.013773 38147.832073 38232.650373 38317.468673 35676.045671 35740.283600 35655.465300 35570.647000 35535.514110 35500.381220 35535.514110 35620.332410 35605.779890 35690.598190 35775.416490 35860.234790 36164.375100 36249.193400 36334.011700 36108.661839 36023.843539 35939.025239 35854.206939 35769.388639 35734.255749 35769.388639 35275.031359 35190.213059 35105.394759 35020.576459 34985.443569 34950.310679 34365.107247 34280.288947 34195.470647 34160.337757 34125.204867 34040.386567 34005.253677 33920.435377 33835.617077 33870.749967 33715.665886 33750.798777 33446.658467 33361.840167
37413.572412 37448.705302 37533.523602 37568.656492 37603.789383 37688.607683 37773.425983 37858.244283 37943.062583 38027.880883 38112.699183 38197.517483 38282.335783 35640.912781 35556.094481 35620.332410 35535.514110 35450.695810 35415.562920 35450.695810 35485.828700 35570.647000 35655.465300 35740.283600 35825.101900 35909.920200 35994.738500 36149.822581 36313.431330 36228.613030 36143.794730 35889.339830 35854.206939 35819.074049 35854.206939 35310.164249 35225.345949 35140.527649 35105.394759 35070.261869 34485.058437 34329.974357 34245.156057 34160.337757 34075.519457 34040.386567 33955.568267 33920.435377 33835.617077 33750.798777 33665.980477 33630.847586 33665.980477 33701.113367 33496.343877
37328.754112 37363.887002 37448.705302 37483.838192 37568.656492 37653.474792 37738.293092 37823.111392 37907.929692 37992.747992 38077.566292 38162.384592 38247.202892 35605.779890 35520.961590 35436.143290 35450.695810 35415.562920 35330.744620 35365.877510 35450.695810 35535.514110 35690.598190 35775.416490 35860.234790 35945.053090 36029.871390 36114.689690 35620.332410 35655.465300 36108.661839 36023.843539 35939.025239 35903.892349 35939.025239 35345.297139 35260.478839 35225.345949 35190.213059 34534.743847 34449.925547 34365.107247 34280.288947 34195.470647 34040.386567 33955.568267 33870.749967 33835.617077 33750.798777 33665.980477 33581.162177 33546.029286 33581.162177 33376.392686 33291.574386
37243.935812 37279.068702 37363.887002 37448.705302 37533.523602 37618.341902 37703.160202 37787.978502 37872.796802 37957.615102 38042.433402 38127.251702 38212.070002 35520.961590 35485.828700 35401.010400 35316.192100 35330.744620 35245.926320 35330.744620 35415.562920 35500.381220 35655.465300 35810.549381 35895.367681 35980.185981 36065.004281 35421.590771 35535.514110 35500.381220 35535.514110 35500.381220 35535.514110 35570.647000 35655.465300 35430.115439 35345.297139 34669.247557 34584.429257 34499.610957 34344.526877 34259.708577 34174.890277 34090.071977 34005.253677 33920.435377 33835.617077 33750.798777 33665.980477 33581.162177 33496.343877 33461.210986 33376.392686 33291.574386 33206.756086
37159.117512 37243.935812 37328.754112 37413.572412 37498.390712 37583.209012 37668.027312 37823.111392 37907.929692 37992.747992 38077.566292 38162.384592 35570.647000 35485.828700 35401.010400 35436.143290 35281.059210 35196.240910 35161.108020 35245.926320 35231.373800 35196.240910 35231.373800 35316.192100 35231.373800 35266.506690 35301.639581 35386.457881 35450.695810 35415.562920 35380.430030 35415.562920 35450.695810 35535.514110 35620.332410 34803.751267 34718.932967 34634.114667 34549.296367 34464.478067 34379.659767 34294.841467 34210.023167 34125.204867 34040.386567 33955.568267 33800.484186 33715.665886 33630.847586 33546.029286 33461.210986 33376.392686 33291.574386 33206.756086 33121.937786
37123.984622 37208.802922 37363.887002 37448.705302 37533.523602 37618.341902 37703.160202 37787.978502 37872.796802 37957.615102 38042.433402 38127.251702 35535.514110 35450.695810 35365.877510 35281.059210 35196.240910 35111.422610 35076.289720 35111.422610 35076.289720 35111.422610 35196.240910 35111.422610 35146.555500 35181.688390 35266.506690 35351.324990 35295.611730 35330.744620 35295.611730 35330.744620 35415.562920 35500.381220 35585.199520 34888.569567 34803.751267 34669.247557 34584.429257 34499.610957 34414.792657 34329.974357 34294.841467 34160.337757 34075.519457 34040.386567 33835.617077 33750.798777 33665.980477 33630.847586 33546.029286 33461.210986 33376.392686 33171.623196 33086.804896
37039.166322 37123.984622 37208.802922 37533.523602 37618.341902 37653.474792 37738.293092 37823.111392 37907.929692 37992.747992 38077.566292 37074.299212 35570.647000 35485.828700 35281.059210 35196.240910 35111.422610 35026.604310 34991.471420 34956.338530 34991.471420 35076.289720 35061.737200 35026.604310 35061.737200 35146.555500 35231.373800 35175.660539 35210.793430 35175.660539 35210.793430 35245.926320 35281.059210 35365.877510 35450.695810 35535.514110 35570.647000 34634.114667 34549.296367 34464.478067 34379.659767 34294.841467 34210.023167 34125.204867 34040.386567 33955.568267 33870.749967 33785.931667 33750.798777 33715.665886 33630.847586 33546.029286 33461.210986 33206.756086 33171.623196
37074.299212 37159.117512 37243.935812 37328.754112 37413.572412 37498.390712 37583.209012 37668.027312 37943.062583 36989.480912 36904.662612 36989.480912 37024.613802 35401.010400 35245.926320 35161.108020 35076.289720 34991.471420 34906.653120 34871.520230 34906.653120 34941.786010 34976.918900 34941.786010 35026.604310 35111.422610 35196.240910 35090.842239 35055.709349 35090.842239 35125.975130 35161.108020 35245.926320 35330.744620 35485.828700 35450.695810 35485.828700 34669.247557 34584.429257 34499.610957 34414.792657 34379.659767 34365.107247 34210.023167 34125.204867 34040.386567 33955.568267 33870.749967 33955.568267 33800.484186 33835.617077 33630.847586 33546.029286 33291.574386 33256.441496
37039.166322 37123.984622 37208.802922 37293.621222 37378.439522 37463.257822 37618.341902 37703.160202 36989.480912 36904.662612 36819.844312 36904.662612 36989.480912 37074.299212 35281.059210 35196.240910 35111.422610 34906.653120 34821.834820 34786.701930 34821.834820 34856.967710 34821.834820 34906.653120 34991.471420 35076.289720 34970.891049 35006.023939 34970.891049 35006.023939 35041.156830 35125.975130 35210.793430 35295.611730 35330.744620 35365.877510 35401.010400 35436.143290 34619.562147 34534.743847 34499.610957 34414.792657 34329.974357 34245.156057 34160.337757 34075.519457 34040.386567 33955.568267 33990.701157 33885.302486 33920.435377 34005.253677 34090.071977 33376.392686 33341.259796
37074.299212 37159.117512 37243.935812 37328.754112 37413.572412 37498.390712 37583.209012 36579.941932 36615.074822 36650.207712 36735.026012 36770.158902 36854.977202 36939.795502 35125.975130 35041.156830 34956.338530 34871.520230 34786.701930 34701.883630 34737.016520 34701.883630 34786.701930 34871.520230 34956.338530 35041.156830 34886.072749 34850.939859 34886.072749 34921.205639 35006.023939 35090.842239 35175.660539 35210.793430 35245.926320 35281.059210 35316.192100 34871.520230 34836.387339 34801.254449 34534.743847 34449.925547 34365.107247 34280.288947 34245.156057 34160.337757 34075.519457 34040.386567 34075.519457 33970.120786 34005.253677 34040.386567 34125.204867 33312.154757 33227.336457
37039.166322 37194.250402 37279.068702 37363.887002 37448.705302 36375.172441 36410.305332 36495.123632 36530.256522 36565.389412 36650.207712 36735.026012 36819.844312 36904.662612 35041.156830 34956.338530 34871.520230 34786.701930 34701.883630 34617.065330 34581.932439 34617.065330 34701.883630 34786.701930 34581.932439 34836.387339 34801.254449 34766.121559 34801.254449 34836.387339 34921.205639 35006.023939 35090.842239 35125.975130 35161.108020 35196.240910 35281.059210 34786.701930 34751.569039 34716.436149 34751.569039 34485.058437 34400.240137 34365.107247 34329.974357 34195.470647 34160.337757 34125.204867 34160.337757 34054.939086 34090.071977 34125.204867 34160.337757 33396.973057 33312.154757
37074.299212 36000.766351 36035.899241 36071.032132 36205.535841 36290.354141 36325.487032 36410.305332 36445.438222 36530.256522 36615.074822 36699.893122 36784.711422 36869.529722 35076.289720 34991.471420 34906.653120 34821.834820 34666.750739 34581.932439 34497.114139 34581.932439 34666.750739 34461.981249 34497.114139 34581.932439 34716.436149 34681.303259 34716.436149 34801.254449 34836.387339 35041.156830 35006.023939 35041.156830 35076.289720 35161.108020 35245.926320 34701.883630 34666.750739 34631.617849 34666.750739 34701.883630 34737.016520 34449.925547 34414.792657 34280.288947 34245.156057 34210.023167 34245.156057 34139.757386 34174.890277 34210.023167 34294.841467 34379.659767 33396.973057
35831.129751 35915.948051 35951.080941 35986.213832 36120.717541 36205.535841 36240.668732 36325.487032 36410.305332 36495.123632 36650.207712 36735.026012 36819.844312 36904.662612 34991.471420 34906.653120 34751.569039 34666.750739 34581.932439 34497.114139 34412.295839 34377.162949 34342.030059 34377.162949 34461.981249 34546.799549 34631.617849 34596.484959 34631.617849 34716.436149 34801.254449 34886.072749 34921.205639 34956.338530 35041.156830 35125.975130 35210.793430 34617.065330 34581.932439 34546.799549 34581.932439 34617.065330 34652.198220 34687.331110 34772.149410 34365.107247 34329.974357 34294.841467 34329.974357 34294.841467 34259.708577 34294.841467 34329.974357 34414.792657 33382.420537
35746.311451 35831.129751 35866.262641 36000.766351 36035.899241 36120.717541 36205.535841 36290.354141 36375.172441 36530.256522 36615.074822 36770.158902 36854.977202 35041.156830 34956.338530 34871.520230 34786.701930 34701.883630 34497.114139 34412.295839 34327.477539 34292.344649 34257.211759 34222.078869 34257.211759 34292.344649 34596.484959 34511.666659 34596.484959 34681.303259 34766.121559 34801.254449 34836.387339 34921.205639 35006.023939 35090.842239 34617.065330 34532.247030 34497.114139 34461.981249 34497.114139 34532.247030 34567.379920 34652.198220 34737.016520 34772.149410 34807.282300 34379.659767 34414.792657 34379.659767 34344.526877 34379.659767 34414.792657 34449.925547 33467.238837
35661.493151 35746.311451 35831.129751 35915.948051 36000.766351 36085.584651 36170.402951 36255.221251 36340.039551 36424.857851 36650.207712 36735.026012 36890.110092 35076.289720 34991.471420 34906.653120 34821.834820 34617.065330 34532.247030 34447.428730 34292.344649 34207.526349 34172.393459 34137.260569 34172.393459 34306.897169 34391.715469 34426.848359 34461.981249 34546.799549 34631.617849 34716.436149 34801.254449 34886.072749 34970.891049 35055.709349 34532.247030 34497.114139 34412.295839 34377.162949 34412.295839 34447.428730 34532.247030 34617.065330 34652.198220 34687.331110 34821.834820 34956.338530 34991.471420 35026.604310 34429.345177 34464.478067 34499.610957 34534.743847 33502.371728
35626.360261 35711.178561 35795.996861 35880.815161 35965.633461 36120.717541 36205.535841 36290.354141 36375.172441 36459.990741 36544.809041 36770.158902 36854.977202 35111.422610 35026.604310 34821.834820 34737.016520 34652.198220 34567.379920 34412.295839 34327.477539 34172.393459 34087.575159 34052.442269 34137.260569 34222.078869 34306.897169 34342.030059 34426.848359 34511.666659 34596.484959 34681.303259 34766.121559 34850.939859 34935.758159 34581.932439 34497.114139 34412.295839 34327.477539 34292.344649 34327.477539 34412.295839 34447.428730 34532.247030 34567.379920 34701.883630 34737.016520 34871.520230 34906.653120 34991.471420 35076.289720 35161.108020 35245.926320 33622.322918 33537.504618
35661.493151 35746.311451 35831.129751 35915.948051 36000.766351 36085.584651 36240.668732 36325.487032 36410.305332 36495.123632 36650.207712 36735.026012 34362.610430 34327.477539 34941.786010 34856.967710 34772.149410 34687.331110 34532.247030 34137.260569 34052.442269 33967.623969 34052.442269 33967.623969 34052.442269 34137.260569 34222.078869 34306.897169 34391.715469 34476.533769 34561.352069 34646.170369 34730.988669 34886.072749 34970.891049 34277.792130 34242.659239 34377.162949 34292.344649 34207.526349 34292.344649 34327.477539 34362.610430 34447.428730 34532.247030 34617.065330 34701.883630 34786.701930 34871.520230 34956.338530 35041.156830 35125.975130 35210.793430 33657.455808 33572.637508
35626.360261 35831.129751 35866.262641 35951.080941 36035.899241 36120.717541 36205.535841 36360.619922 36445.438222 36530.256522 36615.074822 34312.925020 34277.792130 34242.659239 34277.792130 34892.100600 34807.282300 34772.149410 34186.945979 34102.127679 34017.309379 33932.491079 33847.672779 33882.805669 33967.623969 34222.078869 34306.897169 34342.030059 34426.848359 34511.666659 34646.170369 34681.303259 34766.121559 34850.939859 35006.023939 34122.708049 34157.840939 34122.708049 34157.840939 34122.708049 34157.840939 34242.659239 34327.477539 34412.295839 34497.114139 34581.932439 34666.750739 34751.569039 34836.387339 34921.205639 35006.023939 35090.842239 35175.660539 35330.744620 33657.455808
