youshuijie_90m_DEM.txt
ncols	395
nrows	575
xllcenter	728172.117396
yllcenter	3685632.186265
cellsize	85.0473
nodata_value	-9999.000000
[rows 264 to 287 of 575, columns 54 to 107 of 395]
1534.000000 1507.000000 1468.000000 1436.000000 1408.000000 1391.000000 1383.000000 1366.000000 1370.000000 1389.000000 1451.000000 1479.000000 1506.000000 1529.000000 1537.000000 1532.000000 1510.000000 1504.000000 1527.000000 1598.000000 1647.000000 1682.000000 1677.000000 1673.000000 1653.000000 1654.000000 1664.000000 1688.000000 1720.000000 1726.000000 1740.000000 1759.000000 1758.000000 1749.000000 1724.000000 1692.000000 1686.000000 1659.000000 1661.000000 1677.000000 1684.000000 1655.000000 1722.000000 1772.000000 1781.000000 1796.000000 1814.000000 1785.000000 1755.000000 1755.000000 1779.000000 1826.000000 1897.000000 1864.000000
1520.000000 1518.000000 1456.000000 1413.000000 1392.000000 1368.000000 1351.000000 1341.000000 1366.000000 1415.000000 1451.000000 1479.000000 1506.000000 1502.000000 1496.001000 1496.000000 1473.001000 1474.000000 1515.000000 1579.000000 1627.000000 1659.000000 1678.000000 1693.000000 1687.000000 1702.000000 1706.000000 1704.000000 1716.000000 1697.000000 1699.000000 1698.000000 1692.000000 1710.000000 1686.000000 1644.000000 1625.000000 1605.000000 1603.000000 1612.000000 1622.000000 1622.000000 1739.000000 1790.000000 1823.000000 1822.000000 1825.000000 1803.000000 1784.000000 1799.000000 1798.000000 1827.000000 1891.000000 1874.000000
1485.000000 1505.000000 1486.000000 1430.000000 1381.000000 1351.000000 1327.000000 1326.000000 1362.000000 1397.000000 1425.000000 1448.000000 1477.000000 1502.000000 1496.000000 1496.000000 1473.000000 1474.000000 1528.000000 1574.000000 1609.000000 1617.000000 1668.000000 1707.000000 1721.000000 1714.000000 1680.000000 1671.000000 1672.000000 1660.000000 1639.000000 1614.000000 1599.000000 1605.000000 1634.000000 1594.000000 1564.000000 1543.000000 1557.000000 1576.000000 1607.000000 1642.000000 1682.000000 1767.000000 1837.000000 1879.000000 1868.000000 1834.000000 1806.000000 1830.000000 1830.000000 1843.000000 1897.000000 1897.000000
1448.000000 1479.000000 1456.000000 1416.000000 1379.000000 1343.000000 1309.000000 1304.000000 1333.000000 1349.000000 1377.000000 1404.000000 1475.000000 1479.000000 1456.000000 1440.000000 1439.000000 1474.000000 1528.000000 1574.000000 1555.000000 1564.000000 1599.000000 1723.000000 1712.000000 1674.000000 1633.000000 1609.000000 1628.000000 1622.000000 1588.000000 1550.000000 1561.000000 1503.000000 1560.000000 1526.000000 1512.000000 1532.000000 1571.000000 1613.000000 1651.000000 1678.000000 1712.000000 1798.000000 1825.000000 1893.000000 1895.000000 1859.000000 1828.000000 1857.000000 1871.000000 1869.000000 1897.000000 1925.000000
1408.000000 1442.000000 1412.000000 1372.000000 1355.000000 1336.000000 1307.000000 1290.000000 1306.000000 1333.000000 1373.000000 1410.000000 1440.000000 1447.000000 1412.000000 1408.000000 1437.000000 1483.000000 1525.000000 1544.000000 1555.000000 1564.000000 1599.000000 1723.000000 1669.000000 1628.000000 1577.000000 1550.000000 1571.000000 1569.000000 1512.000000 1491.000000 1505.000000 1483.000000 1477.000000 1480.000000 1508.000000 1571.000000 1614.000000 1642.000000 1678.000000 1721.000000 1772.000000 1821.000000 1851.000000 1904.000000 1922.000000 1898.000000 1870.000000 1878.000000 1907.000000 1918.000000 1933.000000 1952.000000
1379.000000 1414.000000 1436.000000 1359.000000 1325.000000 1311.000000 1295.000000 1282.000000 1307.000000 1334.000000 1374.000000 1407.000000 1412.000000 1394.000000 1378.000000 1397.000000 1444.000000 1484.000000 1491.000000 1493.000000 1517.000000 1556.000000 1607.000000 1705.000000 1669.000000 1628.000000 1577.000000 1550.000000 1509.000000 1517.000000 1490.000000 1455.000000 1446.000000 1453.000000 1473.000000 1483.000000 1516.000000 1563.000000 1591.000000 1608.000000 1645.000000 1701.000000 1756.000000 1801.000000 1861.000000 1900.000000 1952.000000 1937.000000 1896.000000 1899.000000 1934.000000 1972.000000 1986.000000 1979.000000
1370.000000 1380.000000 1411.000000 1360.000000 1319.000000 1282.000000 1269.000000 1288.000000 1322.000000 1360.000000 1377.000000 1373.000000 1371.000000 1355.000000 1365.000000 1406.000000 1438.000000 1445.000000 1461.000000 1502.000000 1541.000000 1566.000000 1603.000000 1655.000000 1639.000000 1577.000000 1522.000000 1498.000000 1509.000000 1517.000000 1490.000000 1411.001000 1417.000000 1455.000000 1538.000000 1529.000000 1521.000000 1548.000000 1567.000000 1585.000000 1610.000000 1678.000000 1715.000000 1758.000000 1845.000000 1883.000000 1938.000000 1963.000000 1933.000000 1921.000000 1949.000000 2002.000000 2021.000000 1989.000000
1368.000000 1353.000000 1391.000000 1359.000000 1317.000000 1271.000000 1267.000000 1308.000000 1351.000000 1366.000000 1342.000000 1330.000000 1336.000000 1335.000000 1363.000000 1390.000000 1410.000000 1429.000000 1464.000000 1505.000000 1553.000000 1573.000000 1585.000000 1606.000000 1594.000000 1531.000000 1498.000000 1459.000000 1449.000000 1440.000000 1430.000000 1411.000000 1417.000000 1455.000000 1538.000000 1582.000000 1587.000000 1595.000000 1616.000000 1616.000000 1620.000000 1634.000000 1681.000000 1723.000000 1825.000000 1861.000000 1932.000000 1976.000000 1973.000000 1970.000000 1979.000000 2026.000000 2030.000000 1983.000000
1355.000000 1331.000000 1363.000000 1333.000000 1309.000000 1263.000000 1263.000000 1305.000000 1323.000000 1310.000000 1298.000000 1297.000000 1310.000000 1328.000000 1365.000000 1373.000000 1411.000000 1449.000000 1473.000000 1500.000000 1537.000000 1539.000000 1540.000000 1556.000000 1552.000000 1520.000000 1486.000000 1456.000000 1412.000000 1392.000000 1382.000000 1400.000000 1447.000000 1498.000000 1576.000000 1582.000000 1587.000000 1595.000000 1659.000000 1686.000000 1693.000000 1689.000000 1683.000000 1699.000000 1798.000000 1867.000000 1907.000000 1954.000000 1992.000000 2025.000000 2050.000000 2061.000000 2043.000000 2014.000000
1338.000000 1306.000000 1311.000000 1306.000000 1283.000000 1246.000000 1244.000000 1274.000000 1277.000000 1282.000000 1296.000000 1317.000000 1334.000000 1355.000000 1354.000000 1366.000000 1395.000000 1416.000000 1444.000000 1481.000000 1524.000000 1520.000000 1498.000000 1509.000000 1513.000000 1489.000000 1457.000000 1438.000000 1406.000000 1363.000000 1390.000000 1445.000000 1492.000000 1539.000000 1610.000000 1618.000000 1624.000000 1638.000000 1659.000000 1686.000000 1693.000000 1689.000000 1763.000000 1763.000000 1763.000000 1835.000000 1873.000000 1910.000000 1990.000000 2045.000000 2082.000000 2066.000000 2033.000000 1999.000000
1338.000000 1311.000000 1284.000000 1264.000000 1251.000000 1229.000000 1235.000000 1256.000000 1286.000000 1315.000000 1337.000000 1344.000000 1347.000000 1347.000000 1334.000000 1357.000000 1379.000000 1393.000000 1420.000000 1463.000000 1498.000000 1496.000000 1464.000000 1468.000000 1481.000000 1462.000000 1449.000000 1420.000000 1384.000000 1353.000000 1411.000000 1480.000000 1545.000000 1577.000000 1595.000000 1569.000000 1589.000000 1617.000000 1661.000000 1705.000000 1734.000000 1752.000000 1763.000000 1763.001000 1763.001000 1870.000000 1895.000000 1912.000000 1942.000000 2004.000000 2057.000000 2041.000000 2011.000000 1972.000000
1340.000000 1311.000000 1284.000000 1264.000000 1232.000000 1220.002000 1246.000000 1267.000000 1281.000000 1294.000000 1301.000000 1309.000000 1314.000000 1317.000000 1324.000000 1371.000000 1393.000000 1415.000000 1430.000000 1455.000000 1484.000000 1479.000000 1447.000000 1435.000000 1436.000000 1434.000000 1447.000000 1419.000000 1367.000000 1332.000000 1385.000000 1455.000000 1497.000000 1516.000000 1525.000000 1526.000000 1549.000000 1578.000000 1622.000000 1679.000000 1727.000000 1766.000000 1808.000000 1829.000000 1838.000000 1870.000000 1895.000000 1912.000000 1942.000000 1929.000000 1951.000000 2020.000000 2006.000000 2002.000000
1385.000000 1352.000000 1313.000000 1265.000000 1243.000000 1220.001000 1246.000000 1267.000000 1245.001000 1261.000000 1262.000000 1276.000000 1293.000000 1329.000000 1367.000000 1418.000000 1427.000000 1455.000000 1471.000000 1474.000000 1482.000000 1468.000000 1445.000000 1418.000000 1403.000000 1407.000000 1425.000000 1416.000000 1360.000000 1324.000000 1358.000000 1426.000000 1439.000000 1440.000000 1453.000000 1529.000000 1564.000000 1592.000000 1631.000000 1660.000000 1712.000000 1763.000000 1791.000000 1806.000000 1834.000000 1848.000000 1868.000000 1874.000000 1895.000000 1929.000000 1951.000000 2020.000000 1979.000000 1998.000000
1374.000000 1342.000000 1308.000000 1271.000000 1246.000000 1220.000000 1248.000000 1248.000000 1245.000000 1261.000000 1262.000000 1276.000000 1292.000000 1329.000000 1367.000000 1440.000000 1463.000000 1480.000000 1487.000000 1490.000000 1501.000000 1495.000000 1470.000000 1440.000000 1408.000000 1378.000000 1382.000000 1389.000000 1356.000000 1319.000000 1330.000000 1370.000000 1400.000000 1414.000000 1445.000000 1486.000000 1556.000000 1608.000000 1639.000000 1664.000000 1680.000000 1719.000000 1718.000000 1731.000000 1757.000000 1787.000000 1783.000000 1783.000000 1838.000000 1849.000000 1889.000000 1954.000000 1979.000000 1998.000000
1389.000000 1342.000000 1298.000000 1267.000000 1242.000000 1210.000000 1227.000000 1223.000000 1226.000000 1236.000000 1248.000000 1271.000000 1292.000000 1329.000000 1367.000000 1425.000000 1434.000000 1444.000000 1460.000000 1493.000000 1524.000000 1538.000000 1510.000000 1474.000000 1445.000000 1430.000000 1362.000000 1340.000000 1324.000000 1302.000000 1327.000000 1382.000000 1428.000000 1455.000000 1456.000000 1461.000000 1542.000000 1566.000000 1580.000000 1613.000000 1625.000000 1645.000000 1665.000000 1687.000000 1709.000000 1726.000000 1711.000000 1737.000000 1759.000000 1802.000000 1809.000000 1875.000000 1925.000000 1945.000000
1377.000000 1345.000000 1307.000000 1270.000000 1240.000000 1207.003410 1207.003000 1223.000000 1237.000000 1247.000000 1268.000000 1290.000000 1302.000000 1329.000000 1361.000000 1409.000000 1434.000000 1444.000000 1460.000000 1458.000000 1498.000000 1535.000000 1544.000000 1525.000000 1490.000000 1476.000000 1396.000000 1368.000000 1330.000000 1285.000000 1315.000000 1376.000000 1406.000000 1429.000000 1425.000000 1426.000000 1503.000000 1520.000000 1542.000000 1580.000000 1570.000000 1567.000000 1602.000000 1628.000000 1673.000000 1679.000000 1684.000000 1714.000000 1761.000000 1807.000000 1839.000000 1859.000000 1857.000000 1873.000000
1345.000000 1312.000000 1288.000000 1262.000000 1238.000000 1222.000000 1207.002000 1247.000000 1278.000000 1279.000000 1306.000000 1334.000000 1352.000000 1369.000000 1376.000000 1381.000000 1387.000000 1406.000000 1425.000000 1458.000000 1498.000000 1535.000000 1548.000000 1566.000000 1548.000000 1513.000000 1440.000000 1378.000000 1348.000000 1287.000000 1279.000000 1336.000000 1353.000000 1372.000000 1376.000000 1396.000000 1475.000000 1484.000000 1511.000000 1540.000000 1529.000000 1539.000000 1568.000000 1596.000000 1604.000000 1600.000000 1632.000000 1712.000000 1769.000000 1794.000000 1808.000000 1791.000000 1798.000000 1835.000000
1316.000000 1291.000000 1270.000000 1260.000000 1260.000000 1235.000000 1207.001000 1247.000000 1274.000000 1302.000000 1338.000000 1362.000000 1366.000000 1352.000000 1349.000000 1355.000000 1396.000000 1410.000000 1426.000000 1449.000000 1472.000000 1517.000000 1548.000000 1566.000000 1548.000000 1513.000000 1475.000000 1393.000000 1339.000000 1284.000000 1276.000000 1295.000000 1320.000000 1334.000000 1341.000000 1366.000000 1415.000000 1439.000000 1487.000000 1491.000000 1475.000000 1503.000000 1523.000000 1547.000000 1558.000000 1554.000000 1599.000000 1680.000000 1726.000000 1750.000000 1738.000000 1743.000000 1764.000000 1805.000000
1347.000000 1315.000000 1291.000000 1291.000000 1267.000000 1216.000000 1207.000000 1240.000000 1242.000000 1268.000000 1305.000000 1327.000000 1312.000000 1299.000000 1320.000000 1362.000000 1434.000000 1462.000000 1490.000000 1501.000000 1510.000000 1531.000000 1561.000000 1574.000000 1545.000000 1522.000000 1492.000000 1393.000000 1339.000000 1284.000000 1258.001000 1283.000000 1312.000000 1337.000000 1365.000000 1390.000000 1406.000000 1416.000000 1448.000000 1442.000000 1431.000000 1447.000000 1467.000000 1483.000000 1503.000000 1507.000000 1552.000000 1639.000000 1674.000000 1681.000000 1695.000000 1722.000000 1746.000000 1787.000000
1364.000000 1325.000000 1306.000000 1274.000000 1245.000000 1208.000000 1177.000000 1199.000000 1213.000000 1246.000000 1268.000000 1268.000000 1272.000000 1298.000000 1343.000000 1382.000000 1422.000000 1488.000000 1534.000000 1565.000000 1573.000000 1591.000000 1618.000000 1578.000000 1514.000000 1487.000000 1450.000000 1399.000000 1326.000000 1262.000000 1258.000000 1283.000000 1312.000000 1322.000000 1358.000000 1389.000000 1395.000000 1409.000000 1434.000000 1412.000000 1387.000000 1397.000000 1417.000000 1430.000000 1452.000000 1475.000000 1512.000000 1583.000000 1604.000000 1622.000000 1635.000000 1684.000000 1751.000000 1775.000000
1345.000000 1327.000000 1300.000000 1260.000000 1223.000000 1180.000000 1161.000000 1183.000000 1204.000000 1217.000000 1228.000000 1254.000000 1289.000000 1313.000000 1335.000000 1374.000000 1402.000000 1472.000000 1514.000000 1552.000000 1581.000000 1612.000000 1616.000000 1558.000000 1510.000000 1457.000000 1410.000000 1359.000000 1327.000000 1258.000000 1248.000000 1283.000000 1307.000000 1322.000000 1358.000000 1389.000000 1395.000000 1391.000000 1398.000000 1384.001000 1384.001410 1409.000000 1451.000000 1476.000000 1497.000000 1509.000000 1513.000000 1535.000000 1570.000000 1602.000000 1629.000000 1660.000000 1696.000000 1754.000000
1295.000000 1290.000000 1275.000000 1231.000000 1187.000000 1155.000000 1154.000000 1224.000000 1248.000000 1257.000000 1262.000000 1279.000000 1324.000000 1367.000000 1399.000000 1422.000000 1443.000000 1495.000000 1513.000000 1539.000000 1576.000000 1596.000000 1576.000000 1534.000000 1496.000000 1420.000000 1383.000000 1332.000000 1294.000000 1247.000000 1235.000000 1268.000000 1285.000000 1307.000000 1333.000000 1344.000000 1345.000000 1353.000000 1398.000000 1384.000000 1386.000000 1418.000000 1472.000000 1512.000000 1553.000000 1556.000000 1558.000000 1580.000000 1616.000000 1635.000000 1666.000000 1710.000000 1757.000000 1804.000000
1257.000000 1242.001000 1243.000000 1201.000000 1163.000000 1153.002000 1161.000000 1223.000000 1242.000000 1271.000000 1308.000000 1328.000000 1344.000000 1375.000000 1410.000000 1436.000000 1461.000000 1534.000000 1566.000000 1587.000000 1590.000000 1573.000000 1544.000000 1502.000000 1477.000000 1428.000000 1370.000000 1328.000000 1265.000000 1232.000000 1209.000000 1235.000000 1264.000000 1287.000000 1297.000000 1307.000000 1305.000000 1330.000000 1358.000000 1354.000000 1386.000000 1418.000000 1472.000000 1512.000000 1522.000000 1533.000000 1552.000000 1579.000000 1603.000000 1643.000000 1685.000000 1740.000000 1782.000000 1831.000000
1257.000000 1242.000000 1243.000000 1185.000000 1160.000000 1153.001000 1178.000000 1201.000000 1247.000000 1279.000000 1315.000000 1348.000000 1363.000000 1395.000000 1439.000000 1469.000000 1491.000000 1515.000000 1589.000000 1591.000000 1551.000000 1530.000000 1499.000000 1462.000000 1437.000000 1420.000000 1372.000000 1320.000000 1233.000000 1193.000000 1191.000000 1211.000000 1230.000000 1248.000000 1262.000000 1270.000000 1278.000000 1299.000000 1311.000000 1325.000000 1370.000000 1409.000000 1450.000000 1487.000000 1522.000000 1533.000000 1552.000000 1542.000000 1549.000000 1655.000000 1699.000000 1731.000000 1767.000000 1808.000000
