youshuijie_TI_90m.txt
ncols	395
nrows	575
xllcenter	728172.125000
yllcenter	3685632.250000
cellsize	85.0473
nodata_value	-1.000000
[rows 459 to 485 of 575, columns 305 to 365 of 395]
20.579321 6.212301 5.172546 4.722129 6.447990 5.841917 13.244278 6.668040 5.331066 6.576231 7.218085 6.188465 6.172718 5.452428 5.628319 6.748083 5.883084 5.572229 4.743281 5.015214 4.956323 4.396707 4.082411 24.371294 8.991998 7.420079 7.163647 6.940504 6.141947 7.483788 6.547412 5.320965 10.108459 9.219907 9.879668 10.352752 10.475647 9.789286 8.635102 6.347442 6.113827 5.125215 5.125215 5.244005 5.331066 6.141947 5.426328 6.113824 7.766648 6.053201 8.221563 6.746463 6.283815 6.360687 8.134376 7.335866 5.519118 -1.000000 -1.000000 -1.000000 -1.000000
10.317967 4.759281 4.637869 5.628319 6.609173 22.537907 9.292050 7.014614 6.806974 5.968645 6.288549 7.372238 5.138643 5.320965 5.148745 5.916001 7.372238 6.817076 5.706628 5.595403 4.802172 5.393536 4.420518 24.481474 10.670253 10.331303 10.645915 11.180632 10.531569 10.057598 10.455032 9.757243 7.181668 4.397779 4.792070 5.609270 6.989294 6.097494 8.330122 8.632214 7.370067 7.252284 7.500120 8.097957 7.276980 5.331066 5.544109 5.341167 5.795371 7.439555 6.401671 17.940264 19.207798 11.526678 8.732266 6.940506 5.941977 -1.000000 -1.000000 -1.000000 -1.000000
10.478207 6.519292 4.420507 4.598260 4.954590 13.367537 9.163997 4.652309 5.207638 4.902256 4.838540 5.799002 7.263548 5.248829 5.172843 5.519120 6.401508 7.673393 8.023150 6.126909 6.054935 5.483485 6.178366 15.022521 4.792070 4.658278 5.389907 5.389907 5.420680 5.865693 5.959676 6.565761 7.051765 6.648991 4.204284 5.036267 6.806973 4.935172 5.590578 7.911234 7.328751 6.223827 6.083056 5.677639 5.706630 5.677639 5.590580 4.994595 8.663472 18.058048 9.243225 19.812067 8.481276 6.178368 9.551446 7.874813 6.635124 5.750920 -1.000000 -1.000000 -1.000000
6.444069 10.485752 5.996043 4.743281 7.151813 12.942893 6.156387 7.483789 7.574230 6.544610 4.504388 5.057775 6.347442 5.382841 5.360054 5.772901 6.053202 6.661792 6.604033 8.410992 8.700184 6.609149 8.416409 15.369638 4.984443 4.652309 4.775541 4.568927 4.623735 5.374870 5.485218 5.554211 5.663455 6.981697 5.244005 5.125215 5.916001 5.937152 4.916122 6.053202 7.441230 6.306251 5.197535 5.569427 5.974893 5.360054 6.054935 5.275497 5.708361 5.708361 5.996043 10.824078 5.890684 5.382841 6.113827 7.483791 5.649470 6.014112 5.941977 -1.000000 -1.000000
4.879082 5.818362 10.877517 6.635124 12.902636 5.750922 6.429629 5.799002 6.593933 4.850962 5.949574 5.667540 16.553970 5.360054 5.968645 6.374110 6.609149 6.782280 6.806973 7.690165 7.765825 9.059687 16.480135 7.212501 5.004851 4.861063 4.802172 4.802172 4.889184 4.861063 4.935172 4.652309 4.712028 5.485218 6.027537 5.916001 5.420680 5.426328 5.361788 5.941977 6.884935 5.865693 5.074105 5.452428 5.865693 6.806973 5.485218 7.094656 6.807035 11.152670 11.357335 8.097957 7.276978 6.178365 5.590580 6.083056 5.544109 5.865726 7.682541 6.668119 -1.000000
6.301795 4.658278 5.248829 12.469935 4.876279 4.838540 4.942530 6.141947 5.089855 6.157214 4.879082 5.155452 4.843381 4.595956 5.968645 6.374110 6.806974 6.711664 7.073505 5.013481 4.826269 7.258908 6.247393 24.495266 4.281255 5.301163 5.706628 5.622072 4.850962 4.876279 5.013481 5.043334 5.155452 5.302896 5.222854 5.207638 5.102226 4.970308 5.207638 5.485218 6.551040 5.320965 5.089855 5.248829 5.452428 8.326904 6.689247 11.524514 20.291639 5.890731 7.218087 8.762988 5.628319 5.649470 6.288551 15.860823 5.667540 6.212301 18.163408 7.181758 5.795371
4.814148 6.506869 8.132642 13.639711 6.806973 6.033784 5.647737 5.197535 6.014112 5.079753 5.105855 5.275497 5.105855 4.542609 5.729414 6.661792 6.758183 6.893985 7.536489 7.670021 7.478971 4.998882 4.994595 15.219793 7.094656 5.667540 7.503750 7.228187 6.746349 6.422561 5.865990 5.848599 4.935172 4.879082 5.890683 4.889184 6.112093 5.649470 4.889184 4.876279 5.331066 5.544109 5.471788 5.172546 4.712051 18.076397 20.404118 7.094740 6.488564 6.668064 5.389909 6.444067 7.559012 6.360687 5.554209 5.628319 6.237257 5.841895 10.426874 7.181665 5.795371
5.820742 5.729414 14.058301 7.053834 5.590579 7.196106 6.488520 5.590578 4.974392 5.079753 5.222854 6.812622 5.452428 4.916122 4.915500 4.954590 5.750922 6.014735 6.838722 6.992279 5.426328 5.015214 5.502042 24.499880 8.227204 7.235013 5.485218 4.994595 4.902256 4.956323 6.157214 4.897431 5.468688 5.572229 6.418315 6.129575 5.746634 5.649470 5.495319 4.744352 4.942530 5.302896 6.360687 7.153547 6.283727 7.933706 12.163552 5.331066 5.262696 5.495318 6.342617 5.275497 5.590580 6.524940 6.053201 5.138643 5.485218 7.787803 9.802706 6.930401 5.750920
6.401508 13.494577 8.367993 5.687742 4.261442 5.608647 4.998882 5.058601 5.057775 5.818362 7.073505 5.301163 5.036267 5.667540 4.935172 4.743281 5.590578 6.156387 6.661792 6.734653 7.699059 5.609270 6.296147 16.428112 6.617731 5.289103 4.792070 7.574759 7.014614 6.746348 4.652309 5.420680 5.924585 6.033784 7.067257 7.553347 5.826145 6.930403 5.729414 5.495319 4.755652 4.889184 5.275497 6.401508 7.905586 8.277478 10.495852 5.155452 5.058601 5.028297 5.452428 5.595404 5.590580 5.554209 5.262696 4.935172 6.776252 7.662639 9.886911 6.746348 5.750920
8.791155 14.366817 6.178366 6.565761 4.271295 4.767081 5.089855 5.102226 5.996043 7.538392 5.865693 5.036267 5.890682 6.296147 6.083056 4.790338 4.935172 5.485218 6.200838 6.247358 6.940504 7.912967 8.409491 15.168590 6.535042 4.375556 6.642722 4.970308 4.970308 4.928925 11.089284 10.816329 11.172193 10.060534 10.179185 8.823895 8.010946 8.587922 7.221407 6.444069 5.536511 4.863541 5.382841 5.244005 4.916122 6.237257 10.599392 6.034315 5.994310 5.197535 5.281746 5.341167 6.519292 6.652822 5.074105 4.850962 5.197535 9.773720 5.649470 7.897989 7.040589
13.622618 6.429678 6.083107 5.706628 6.220727 4.555682 5.015214 5.865990 8.316699 6.547412 5.485218 5.795373 6.374110 7.287077 7.546592 4.681723 5.015214 5.405175 6.014735 6.229659 7.030118 6.849534 7.194739 8.568146 17.187128 7.707761 5.068703 5.767252 5.729414 8.886415 4.775541 4.843364 5.089855 5.937152 5.708361 6.212565 4.251686 5.207638 8.444531 6.893985 6.321466 4.897431 4.984494 4.984494 5.105855 5.248829 11.099390 6.374110 4.970308 6.157214 4.998882 5.301163 7.408438 7.094656 4.994595 4.814148 6.223827 9.232990 5.916001 5.389909 5.736482
5.708361 5.507295 5.531687 5.635677 5.013481 5.404346 6.083056 8.416411 7.063934 5.426328 6.145576 6.893983 8.827526 8.549945 6.652822 4.759281 4.775541 5.519120 6.271455 6.380889 6.583830 6.689190 7.221463 24.423786 8.550237 6.871512 5.736533 4.984494 6.361309 9.896284 9.313029 9.412509 8.318431 7.382338 7.905586 7.200017 4.944833 4.681723 7.194739 5.122115 5.937152 5.222854 5.074105 5.736482 5.736482 5.751749 10.190879 6.645705 6.247358 5.595403 5.460228 4.767081 5.122115 7.546640 5.468688 4.916122 9.246418 5.122115 4.942530 5.207638 5.105855
4.802172 4.790338 4.689694 4.889184 5.382841 5.361788 7.053834 8.991776 6.288551 5.554209 6.930405 9.366519 6.178365 5.554209 5.404346 5.361788 4.916122 5.647737 6.458666 6.229659 6.604033 6.519292 7.654314 24.531080 11.179959 10.310451 10.191947 9.956856 10.262659 9.109558 5.916001 6.212565 5.582331 5.415277 5.649470 5.937152 5.426326 4.504388 17.652582 6.849576 4.792070 5.708361 5.883084 5.916001 7.128856 6.481453 10.378120 7.040589 7.194739 6.172718 5.663455 4.843364 4.861063 7.601216 6.156387 6.315219 10.744448 8.886415 8.018915 7.276978 6.519292
6.302417 6.093207 5.795373 5.795371 5.058601 5.320984 7.682490 10.102064 9.371922 10.326781 9.713096 7.905584 7.053834 6.113827 5.148745 4.790338 4.861063 5.197535 5.609270 5.977694 6.360687 6.564028 7.276977 15.948432 8.444531 7.053834 6.766152 5.360054 5.955843 5.815262 4.733179 4.850962 4.790338 4.889184 4.970308 5.074105 5.751749 4.397779 4.879100 5.089870 5.138643 5.301163 4.843364 6.717360 7.276978 7.850323 8.805547 11.459477 7.988510 6.481474 5.331066 5.729414 5.818362 8.229637 10.516337 10.397006 7.787805 6.583830 4.954590 8.539841 8.806374
6.126909 5.795373 5.331066 4.897431 4.712028 7.212501 20.191557 6.689227 6.444067 5.795371 5.974893 5.767252 5.595404 5.544109 4.998882 4.733179 5.890683 5.102226 4.974392 5.536511 6.399776 4.954590 5.941977 16.173969 7.970127 6.940504 5.996043 4.582350 5.043334 5.058601 4.928925 5.058601 5.013481 4.970308 4.863541 4.733179 4.722129 4.722129 4.928925 6.119475 5.667540 5.331066 6.583830 6.717360 7.153547 5.275497 6.746348 9.697466 21.014114 5.628356 6.488518 6.964305 7.240559 12.085613 6.444067 5.389909 5.281746 6.237256 4.679112 4.954590 6.458666
6.254064 5.148745 5.320965 6.119475 5.036267 5.172843 10.357918 7.263548 7.360358 7.382338 7.094656 7.276974 5.519118 5.544109 4.942530 5.460228 6.604033 5.628319 5.043334 4.956323 4.863541 6.212622 5.420829 15.962132 6.024213 5.015214 5.918803 4.666908 4.954590 5.197535 5.865693 5.883084 6.054935 5.994310 6.630299 5.772901 5.622072 5.900785 6.579746 5.729414 5.302896 5.148745 5.572229 6.458666 6.806974 8.097957 9.048933 8.981676 11.101032 5.426328 11.170931 11.100590 10.798133 8.298628 7.092924 6.551040 5.795373 5.102226 5.721444 4.681723 5.536511
4.998882 5.569427 5.155452 5.831790 6.559137 10.383560 8.134375 5.015214 5.554209 5.281746 5.281746 6.237257 5.331066 5.554209 6.033784 6.604033 8.187021 6.033784 4.850962 5.531687 5.415277 5.687841 24.554991 10.805475 5.275497 5.320965 5.382841 4.861063 5.622072 6.835094 9.569460 9.218550 9.655549 9.004199 8.564831 8.434431 7.694277 7.896016 5.694568 5.890682 5.248829 5.102226 6.014735 6.806973 7.536489 7.933706 6.360687 6.551040 14.073814 11.176419 9.461779 9.722664 9.097723 5.452428 7.996224 7.469350 7.194739 6.734653 5.708361 4.516967 4.935172
5.622072 5.485218 5.937152 6.034315 10.249719 8.069838 5.197535 5.360054 8.277478 7.941953 7.404809 6.083056 5.148745 5.028297 4.850962 4.652309 6.492147 9.080573 4.863541 5.569427 6.014735 8.193466 24.468313 5.795549 10.961380 10.566950 10.607078 10.541837 9.135312 9.409664 6.466048 5.729414 5.918803 5.507295 5.519416 7.035765 4.915500 5.122115 6.342617 6.583830 5.389909 5.471788 4.850962 4.942530 5.207638 5.172546 4.974392 5.974893 11.634242 6.950605 6.024213 5.448800 7.728911 8.743439 8.560992 7.469350 4.808877 5.028297 5.767252 4.652309 5.089855
5.244005 5.331066 5.628319 7.058238 10.485804 6.119475 5.222854 8.480949 6.720684 6.178365 5.590580 5.102226 4.681723 4.759281 5.649470 5.865990 6.220727 8.316698 4.516967 6.849532 7.587239 24.558168 7.633824 5.968645 5.302896 6.141947 7.204842 7.128856 8.396740 6.024213 4.974392 4.970308 5.089855 4.998882 4.998882 5.058601 7.017416 6.806974 5.667540 5.015214 5.595404 5.831792 5.138643 5.043334 4.928925 4.778641 4.767081 5.331066 12.155442 4.623735 5.751749 5.189937 6.401508 7.063934 7.231510 6.687458 6.947211 6.667212 6.583829 6.458666 5.420680
4.916122 4.954590 4.879082 6.097494 10.726029 5.341167 5.058601 8.512444 5.941977 5.331066 4.802172 5.420680 5.609270 5.536511 4.861063 6.374110 4.974392 6.538363 7.941953 5.036267 5.795371 24.476156 4.879108 5.058601 5.207638 5.015214 5.729414 5.815262 6.593933 8.654912 6.247357 5.916001 5.102226 5.122115 5.074105 5.043334 5.155452 5.262696 5.207638 4.790338 5.122115 5.544109 5.677641 5.795373 6.399775 5.569427 5.556688 6.519292 12.150757 4.271295 4.569550 5.089855 5.916001 6.347442 5.148745 6.271158 6.439780 5.818362 5.172843 5.225656 5.138643
5.452428 5.531687 5.148745 5.818362 11.667894 6.583831 8.427363 6.401508 4.582350 4.668640 4.666908 6.380889 5.795372 5.722347 5.420680 6.315219 4.727533 4.637920 9.733713 15.991580 16.897453 7.733736 8.557884 9.004198 8.645252 4.843364 5.197535 5.148745 4.954590 5.994310 8.513865 8.132642 7.787804 7.168765 6.734653 6.321466 5.148745 5.197535 5.818362 5.495319 4.942530 5.207638 5.647737 6.764890 4.916122 6.558840 6.178366 11.990737 7.451333 6.283725 4.897431 4.843364 5.079753 5.148745 5.262696 5.148745 5.341167 5.519118 5.968645 5.831790 5.028297
6.488520 4.778641 4.850962 4.916122 10.635616 9.313029 5.916001 5.036267 4.755652 4.679112 6.126909 6.764890 6.265376 6.068017 5.826145 4.942530 6.786354 5.389937 16.498264 6.519292 5.780335 5.928904 4.608016 5.436428 5.622072 8.185669 9.068739 8.821875 8.010946 5.057775 5.172843 5.105855 7.335869 6.717360 5.772901 5.360054 5.389909 6.113827 7.058238 5.452428 4.598260 5.172546 5.622072 4.826269 6.618029 4.696760 7.380605 11.782065 8.062918 6.156387 4.843364 4.825973 4.916122 4.825973 4.954590 4.954590 4.994595 6.141947 7.231510 5.404346 4.790338
7.003685 5.544109 4.744352 5.102226 11.016046 7.073505 5.687742 5.102226 4.470815 5.272176 5.275497 6.340884 7.525474 7.662779 7.382526 5.485218 15.866475 24.572432 24.484760 5.924619 5.831790 6.075988 6.288549 4.954590 4.652309 4.712028 5.590578 6.178366 5.089855 7.601571 9.446024 7.451333 4.595956 4.956323 5.138643 4.974411 5.841892 7.462283 5.341167 7.178864 4.696760 4.935172 5.544109 5.877254 5.544109 6.888440 5.189937 11.877136 6.642722 5.289103 4.213587 4.658278 5.554211 5.405175 5.687742 5.865693 8.252159 7.970126 6.583831 5.485218 4.863541
8.887476 5.996313 4.825973 4.970308 11.104257 6.212565 4.974392 5.244005 4.412707 5.692029 7.163647 7.751385 24.492638 24.577850 24.489527 15.992222 7.382338 5.772921 5.210140 4.342655 5.404348 4.928925 5.105855 6.370787 5.331066 5.043334 5.036267 5.057775 5.207638 5.148745 4.897431 4.775541 5.635677 6.488518 5.331096 19.038877 11.238272 8.480952 7.970126 6.635124 5.125215 5.590578 5.036267 6.178365 7.107738 6.041142 7.251987 11.627255 6.541746 5.924585 5.468688 4.541641 6.271455 6.618030 8.444531 7.930904 6.178365 5.519118 5.079753 5.708361 4.700389
27.460440 27.373474 6.940896 5.275497 10.530053 5.225656 5.281746 4.722129 5.275497 6.178365 16.008516 14.897685 6.283727 5.687791 5.554272 6.360687 5.452428 4.668640 4.722129 4.617868 5.125215 5.360054 5.471788 5.452428 6.053201 5.172546 5.281746 5.426328 5.361788 5.225656 5.036267 4.767081 4.915500 5.057775 5.015214 8.344090 5.360054 5.341167 5.361788 6.429629 5.941977 6.481453 4.974392 4.825973 5.667540 7.434162 8.385690 12.524000 5.941977 4.681723 5.649470 4.666908 6.902233 8.934494 6.053201 4.861063 4.956323 5.013481 5.996043 6.223827 4.916122
16.466959 7.790542 27.374931 11.359054 6.401508 5.043334 4.897431 5.667558 7.328342 16.511028 7.040589 4.775541 4.609749 4.637920 4.504388 5.316882 4.876279 4.998882 5.389909 5.248829 5.172843 6.652822 5.452428 6.321466 7.008366 7.498389 6.940504 6.321466 5.865990 5.028297 6.488521 5.649470 4.928925 5.968645 6.145576 8.966457 6.776252 7.528241 6.871512 5.389909 5.043334 5.036267 7.844960 7.276977 7.185296 5.244005 5.341167 12.015021 5.320965 6.041142 4.994595 8.385692 8.057136 5.074105 5.495318 5.841892 4.928925 5.015214 6.508409 6.401508 4.727533
6.053851 8.888813 27.374968 6.321911 7.767101 5.360054 7.094740 17.470261 24.497694 24.583891 4.712064 4.668640 4.722129 4.928925 5.105855 5.036267 5.331066 5.452428 6.247356 6.113827 6.360687 7.035764 6.283727 7.741282 7.287077 5.207638 5.155452 5.420680 6.535039 4.879082 7.212440 5.647737 4.889184 6.324268 6.930405 9.707446 8.458970 7.398338 7.137215 5.420680 4.861063 6.361309 5.102226 4.970308 4.759281 7.662639 7.874815 13.730583 6.905413 5.074105 8.704093 4.542609 5.105855 5.556688 4.759281 6.283725 4.652309 5.262074 4.652309 7.058288 5.916001
