youshuijie_90m_distance000.txt
ncols	397
nrows	573
xllcenter	728069.046453
yllcenter	3685908.581430
cellsize	84.8183
nodata_value	-1.000000
[rows 72 to 95 of 573, columns 165 to 219 of 397]
78573.702544 78608.835434 78693.653734 80925.537755 80890.404865 80855.271975 80820.139085 81024.908575 80940.090275 80855.271975 80940.090275 81024.908575 80840.719455 80805.586565 80890.404865 80975.223165 81010.356055 81095.174355 81179.992655 82054.783877 82019.650987 81984.518097 82069.336397 81984.518097 82069.336397 82154.154697 82238.972997 82224.420477 82259.553367 82344.371667 82429.189967 82514.008267 82598.826567 84152.164189 84067.345889 84032.212999 83947.394699 83862.576399 83827.443508 83961.947218 83877.128918 83792.310618 83877.128918 83961.947218 83707.492318 83742.625208 83777.758099 83742.625208 83777.758099 83862.576399 83947.394699 84321.800789 84356.933679 84441.751979 84526.570279
78488.884244 78524.017134 78559.150024 80890.404865 80805.586565 80770.453675 80735.320785 80770.453675 80735.320785 80770.453675 80855.271975 80940.090275 80805.586565 80720.768265 80805.586565 80890.404865 80975.223165 81060.041465 82054.783877 81969.965577 81934.832687 81899.699797 81864.566906 81899.699797 81984.518097 82069.336397 82104.469287 82139.602177 82224.420477 82309.238777 82394.057077 82478.875377 82932.071916 82967.204806 84032.212999 83947.394699 83862.576399 83827.443508 83742.625208 83707.492318 83792.310618 83707.492318 83792.310618 83877.128918 83622.674018 83587.541128 83622.674018 83657.806908 83742.625208 83827.443508 83982.527589 84406.619089 84441.751979 84526.570279 84611.388579
78404.065944 78439.198834 78474.331724 80805.586565 80770.453675 80685.635375 80650.502485 80615.369595 80650.502485 80735.320785 80820.139085 80706.215746 80671.082855 80635.949965 80671.082855 80706.215746 81010.356055 81095.174355 82069.336397 81934.832687 81850.014387 81814.881497 81779.748606 81814.881497 81899.699797 81984.518097 82019.650987 82104.469287 82189.287587 82274.105887 82358.924187 82882.386506 82847.253616 82812.120726 82847.253616 83912.261808 83827.443508 83742.625208 83657.806908 83622.674018 83587.541128 83622.674018 83707.492318 83502.722828 83467.589938 83502.722828 83537.855718 83622.674018 83707.492318 83792.310618 83947.394699 84491.437389 84526.570279 84611.388579 84646.521469
78319.247644 78354.380534 78439.198834 80600.817075 80685.635375 80600.817075 80565.684185 80530.551295 80565.684185 80650.502485 80855.271975 80551.131665 80586.264555 80551.131665 80586.264555 80671.082855 80755.901155 82069.336397 81984.518097 81899.699797 81814.881497 81730.063197 81694.930306 81779.748606 81814.881497 81899.699797 81984.518097 82069.336397 82154.154697 82238.972997 82394.057077 82797.568206 82762.435316 82727.302426 82762.435316 82797.568206 83792.310618 83707.492318 83622.674018 83537.855718 83502.722828 83467.589938 83502.722828 83417.904528 83382.771638 83417.904528 83502.722828 83587.541128 83672.359428 83757.177728 83672.359428 83757.177728 83792.310618 83877.128918 83961.947218
78234.429344 78319.247644 78404.065944 80515.998775 80480.865885 80565.684185 80480.865885 80445.732995 80530.551295 80466.313365 80431.180475 80466.313365 80431.180475 80466.313365 80551.131665 80635.949965 80720.768265 81574.979116 81490.160816 81525.293706 81680.377787 81694.930306 81610.112006 81694.930306 81779.748606 81864.566906 81949.385206 82034.203506 82189.287587 82274.105887 82797.568206 82762.435316 82677.617016 82642.484126 82677.617016 82762.435316 83757.177728 83672.359428 83587.541128 83502.722828 83417.904528 83382.771638 83297.953338 83333.086228 83297.953338 83333.086228 83417.904528 83333.086228 83417.904528 83502.722828 83587.541128 83672.359428 83757.177728 83792.310618 83877.128918
78199.296453 78284.114753 78368.933053 80431.180475 80396.047585 80360.914695 80325.781804 80360.914695 80445.732995 80381.495065 80346.362175 80381.495065 80346.362175 80381.495065 80466.313365 80551.131665 80635.949965 81490.160816 81405.342516 81370.209626 81405.342516 81560.426597 81525.293706 81560.426597 81645.244897 81730.063197 81814.881497 82069.336397 82154.154697 82797.568206 82712.749906 82677.617016 82642.484126 82557.665826 82642.484126 82677.617016 82712.749906 83637.226538 83552.408238 83467.589938 83382.771638 83297.953338 83213.135038 83248.267928 83213.135038 83178.002148 83213.135038 83297.953338 83382.771638 83417.904528 83502.722828 83587.541128 83672.359428 83757.177728 83841.996028
78114.478153 78199.296453 78284.114753 80346.362175 80311.229285 80276.096395 80240.963504 80276.096395 80360.914695 80346.362175 80261.543875 80226.410985 80261.543875 80296.676765 80381.495065 80466.313365 81390.789997 81405.342516 81320.524216 81285.391326 81320.524216 81355.657106 81440.475406 81525.293706 81610.112006 81694.930306 81779.748606 81864.566906 81949.385206 82762.435316 82677.617016 82592.798716 82557.665826 82472.847526 82557.665826 82592.798716 82677.617016 83213.135038 83587.541128 83502.722828 83467.589938 83382.771638 83178.002148 83093.183848 83128.316738 83093.183848 83178.002148 83262.820448 83297.953338 83382.771638 83467.589938 83552.408238 83637.226538 83722.044838 83877.128918
78079.345263 78164.163563 78199.296453 80311.229285 80226.410985 80191.278095 80156.145204 80191.278095 80276.096395 80261.543875 80176.725575 80141.592685 80176.725575 80261.543875 80296.676765 80381.495065 81355.657106 81270.838806 81285.391326 81200.573026 81235.705916 81270.838806 81355.657106 81440.475406 81525.293706 81610.112006 81814.881497 81899.699797 81984.518097 82578.246197 82493.427897 82557.665826 82472.847526 82388.029226 82472.847526 82557.665826 83262.820448 83227.687557 83093.183848 83008.365548 82973.232657 82888.414357 82853.281467 82888.414357 82973.232657 83008.365548 83093.183848 83178.002148 83262.820448 83347.638748 83432.457048 83587.541128 83672.359428 83757.177728 83841.996028
77994.526963 78079.345263 78164.163563 80176.725575 80191.278095 80106.459795 80071.326904 80106.459795 80141.592685 80127.040165 80141.592685 80056.774385 80091.907275 80176.725575 80261.543875 80346.362175 81320.524216 81235.705916 81150.887616 81115.754726 81150.887616 81235.705916 81320.524216 81405.342516 81560.426597 81645.244897 81440.475406 81934.832687 81610.112006 82543.113306 82458.295006 82373.476706 82338.343816 82303.210926 82338.343816 82373.476706 83227.687557 83142.869257 83058.050957 82973.232657 82888.414357 82853.281467 82768.463167 82803.596057 82888.414357 82973.232657 83058.050957 83142.869257 83297.953338 83382.771638 83467.589938 83552.408238 83637.226538 83792.310618 83877.128918
77959.394073 78044.212373 80226.410985 80141.592685 80056.774385 80021.641495 79986.508604 80021.641495 80106.459795 80091.907275 80007.088975 79971.956085 80007.088975 80091.907275 80176.725575 80042.221865 80127.040165 81200.573026 81115.754726 81030.936426 81115.754726 81030.936426 81355.657106 81440.475406 81235.705916 81320.524216 81405.342516 81490.160816 82323.791297 82288.658406 82423.162116 82338.343816 82253.525516 82218.392626 82253.525516 82288.658406 82683.644867 82648.511977 82613.379087 82938.099767 82853.281467 82768.463167 82683.644867 82768.463167 82853.281467 83008.365548 83093.183848 83178.002148 83262.820448 83347.638748 83432.457048 83517.275348 83672.359428 84166.716708 84201.849599
77824.890363 77909.708663 80191.278095 80106.459795 80021.641495 79936.823195 79901.690304 79986.508604 80071.326904 80056.774385 79971.956085 79887.137785 79852.004895 79887.137785 79922.270675 80007.088975 80091.907275 80946.118126 81030.936426 80946.118126 80910.985236 80946.118126 81030.936426 81115.754726 81200.573026 81285.391326 81370.209626 81455.027926 81808.853646 82203.840106 82168.707216 82203.840106 82168.707216 82133.574326 82168.707216 82203.840106 82528.560787 82563.693677 82528.560787 82563.693677 82648.511977 82563.693677 82598.826567 82683.644867 82938.099767 83093.183848 83128.316738 83213.135038 83297.953338 83502.722828 83587.541128 83672.359428 83997.080108 84081.898408 84117.031299
77789.757473 77874.575773 80156.145204 80071.326904 79986.508604 79901.690304 79816.872004 79901.690304 79986.508604 79971.956085 79887.137785 79802.319485 79767.186595 79802.319485 79887.137785 79971.956085 80056.774385 80791.034046 80826.166936 80791.034046 80826.166936 80910.985236 80995.803536 81080.621836 81165.440136 81250.258436 81335.076736 81808.853646 81724.035346 81759.168236 82083.888916 82048.756026 82083.888916 82048.756026 82083.888916 82168.707216 82253.525516 82408.609597 82443.742487 82478.875377 82443.742487 82478.875377 82563.693677 82648.511977 83382.771638 83297.953338 83213.135038 83297.953338 83382.771638 83467.589938 83552.408238 83877.128918 83912.261808 83997.080108 84081.898408
77824.890363 77909.708663 79802.319485 79767.186595 79732.053704 79767.186595 79732.053704 79816.872004 79901.690304 79767.186595 79682.368295 79647.235404 79682.368295 79767.186595 79852.004895 79936.823195 80021.641495 80706.215746 80671.082855 80706.215746 80741.348636 80826.166936 80910.985236 80995.803536 81080.621836 81165.440136 81759.168236 81724.035346 81639.217046 81674.349936 81999.070616 81963.937726 81928.804836 81963.937726 81999.070616 82083.888916 82168.707216 82323.791297 82288.658406 82323.791297 82358.924187 82443.742487 82598.826567 82683.644867 83417.904528 83382.771638 83297.953338 83382.771638 83467.589938 83552.408238 83707.492318 83792.310618 83877.128918 83961.947218 84046.765518
77719.491693 77804.309993 79717.501185 79682.368295 79647.235404 79612.102514 79647.235404 79732.053704 79816.872004 79442.465914 79647.235404 79562.417104 79647.235404 79732.053704 79816.872004 79901.690304 79986.508604 80671.082855 80586.264555 80621.397446 80706.215746 80791.034046 80875.852346 80960.670646 81045.488946 81709.482826 81674.349936 81639.217046 81554.398746 81589.531636 81963.937726 81879.119426 81843.986536 81879.119426 82034.203506 81999.070616 82083.888916 82119.021806 82203.840106 82238.972997 82323.791297 82408.609597 82493.427897 82578.246197 83502.722828 83467.589938 83382.771638 83417.904528 83502.722828 83587.541128 83672.359428 83757.177728 83841.996028 83997.080108 84081.898408
77684.358802 79717.501185 79632.682885 79597.549995 79562.417104 79527.284214 79562.417104 79647.235404 79392.780504 79357.647614 79442.465914 79477.598804 79512.731695 79597.549995 79682.368295 79767.186595 80671.082855 80586.264555 80501.446255 80536.579146 80621.397446 80706.215746 80791.034046 80995.803536 81759.168236 81624.664526 81589.531636 81554.398746 81469.580446 81504.713336 81589.531636 81843.986536 81759.168236 81864.566906 81829.434016 81914.252316 81999.070616 82034.203506 82119.021806 82203.840106 82288.658406 82443.742487 82528.560787 82613.379087 83587.541128 83502.722828 83467.589938 83502.722828 83537.855718 83672.359428 83757.177728 83792.310618 83877.128918 84032.212999 84117.031299
77669.806283 78263.534383 79597.549995 79512.731695 79477.598804 79442.465914 79477.598804 79272.829314 79307.962204 79272.829314 79357.647614 79392.780504 79477.598804 79562.417104 79647.235404 79732.053704 80536.579146 80501.446255 80416.627955 80501.446255 80586.264555 80671.082855 80755.901155 81060.041465 81674.349936 81539.846226 81504.713336 81469.580446 81384.762146 81419.895036 81504.713336 81589.531636 81674.349936 81709.482826 81744.615716 81829.434016 81914.252316 81999.070616 82083.888916 82288.658406 82323.791297 82408.609597 82493.427897 82648.511977 82733.330277 83587.541128 83552.408238 83587.541128 83622.674018 83657.806908 83912.261808 83877.128918 83912.261808 83997.080108 84201.849599
78213.848973 78178.716083 78213.848973 79477.598804 79392.780504 79357.647614 79392.780504 79188.011014 79152.878124 79188.011014 79272.829314 79357.647614 79392.780504 79597.549995 79682.368295 79767.186595 80331.809655 80416.627955 80331.809655 80416.627955 80501.446255 80586.264555 81060.041465 80975.223165 81589.531636 81504.713336 81419.895036 81384.762146 81299.943846 81335.076736 81419.895036 81504.713336 81589.531636 81624.664526 81709.482826 81794.301126 81999.070616 82034.203506 82119.021806 82203.840106 82408.609597 82493.427897 82528.560787 82613.379087 82698.197387 82783.015687 83707.492318 83672.359428 83707.492318 83742.625208 83777.758099 83961.947218 83997.080108 84032.212999 84117.031299
78009.079483 78093.897783 78129.030673 79343.095095 79307.962204 79272.829314 79188.011014 79152.878124 79068.059824 79103.192714 79188.011014 79272.829314 79357.647614 79442.465914 79527.284214 80141.592685 80246.991355 80211.858465 80246.991355 80331.809655 80416.627955 80890.404865 80855.271975 80890.404865 80925.537755 81469.580446 81384.762146 81299.943846 81215.125546 81250.258436 81335.076736 81419.895036 81504.713336 81589.531636 81744.615716 81829.434016 82083.888916 82119.021806 82154.154697 82238.972997 82323.791297 82648.511977 82613.379087 82648.511977 82733.330277 82938.099767 83022.918067 83757.177728 83792.310618 83827.443508 83862.576399 84046.765518 84081.898408 84117.031299 84201.849599
77924.261183 78009.079483 78044.212373 78129.030673 79223.143904 79188.011014 79103.192714 79068.059824 78983.241524 79068.059824 79272.829314 79357.647614 79442.465914 79527.284214 80091.907275 80056.774385 80091.907275 80127.040165 80211.858465 80296.676765 80451.760846 80685.635375 80770.453675 80805.586565 80890.404865 80975.223165 81060.041465 81095.174355 81130.307246 81215.125546 81419.895036 81504.713336 81589.531636 81624.664526 81709.482826 81864.566906 81949.385206 82203.840106 82238.972997 82274.105887 82358.924187 82733.330277 82698.197387 82733.330277 82818.148577 82902.966877 82987.785177 83142.869257 83877.128918 83912.261808 83997.080108 84131.583818 84236.982489 84201.849599 84286.667899
77839.442883 77924.261183 78009.079483 78044.212373 79188.011014 79103.192714 79068.059824 78983.241524 78898.423224 78983.241524 79527.284214 79442.465914 79527.284214 79682.368295 79887.137785 79971.956085 80007.088975 80091.907275 80176.725575 80331.809655 80515.998775 80600.817075 80685.635375 80720.768265 80805.586565 80890.404865 80975.223165 81010.356055 81095.174355 81179.992655 81264.810955 81349.629255 81434.447555 81519.265855 81794.301126 81829.434016 81984.518097 82358.924187 82323.791297 82358.924187 82394.057077 82478.875377 82853.281467 82818.148577 82853.281467 82938.099767 83022.918067 83107.736367 83192.554667 83277.372967 84032.212999 84117.031299 84321.800789 84286.667899 84661.073989
77754.624583 77839.442883 77924.261183 78079.345263 78693.653734 79068.059824 78983.241524 78898.423224 78813.604924 78898.423224 78983.241524 79527.284214 79562.417104 79647.235404 79802.319485 79887.137785 79971.956085 80176.725575 80261.543875 80346.362175 80431.180475 80515.998775 80600.817075 80635.949965 80720.768265 80805.586565 80890.404865 80975.223165 81060.041465 81215.125546 81349.629255 81384.762146 81469.580446 81554.398746 81709.482826 81914.252316 81999.070616 82443.742487 82408.609597 82443.742487 82478.875377 82563.693677 82938.099767 82902.966877 82938.099767 82973.232657 83058.050957 83142.869257 83227.687557 83312.505857 83467.589938 83622.674018 84406.619089 84781.025179 84696.206879
77839.442883 77874.575773 77959.394073 78044.212373 78488.884244 78573.702544 78608.835434 78693.653734 78728.786624 78813.604924 79018.374414 79612.102514 79647.235404 79682.368295 79767.186595 79922.270675 80007.088975 80091.907275 80176.725575 80261.543875 80346.362175 80431.180475 80515.998775 80600.817075 80685.635375 80890.404865 80975.223165 81060.041465 81095.174355 81179.992655 81434.447555 81469.580446 81504.713336 81589.531636 81674.349936 81829.434016 82034.203506 82119.021806 82563.693677 82528.560787 82563.693677 82598.826567 82683.644867 83058.050957 83022.918067 83058.050957 83093.183848 83178.002148 83262.820448 83347.638748 83502.722828 83587.541128 83672.359428 84816.158069 84731.339769
77924.261183 77959.394073 77994.526963 78079.345263 78404.065944 78488.884244 78524.017134 78608.835434 78693.653734 78848.737814 78933.556114 79767.186595 79732.053704 79767.186595 79802.319485 79887.137785 79971.956085 80056.774385 80141.592685 80226.410985 80311.229285 80515.998775 80600.817075 80635.949965 80770.453675 80975.223165 81010.356055 81095.174355 81179.992655 81264.810955 81419.895036 81554.398746 81589.531636 81674.349936 81709.482826 81794.301126 81999.070616 82083.888916 82648.511977 82683.644867 82648.511977 82733.330277 82818.148577 83142.869257 83178.002148 83142.869257 83178.002148 83213.135038 83297.953338 83382.771638 83467.589938 83552.408238 83637.226538 84851.290959 84816.158069
78248.981863 78164.163563 78079.345263 78164.163563 78319.247644 78404.065944 78488.884244 78573.702544 78658.520844 78813.604924 78968.689004 79852.004895 79887.137785 79852.004895 79887.137785 79971.956085 80056.774385 80141.592685 80226.410985 80311.229285 80396.047585 80600.817075 80685.635375 80720.768265 80755.901155 81060.041465 81095.174355 81130.307246 81215.125546 81299.943846 81384.762146 81469.580446 81674.349936 81759.168236 81794.301126 81879.119426 81963.937726 82119.021806 82203.840106 82288.658406 82733.330277 82768.463167 82853.281467 82938.099767 83312.505857 83227.687557 83312.505857 83297.953338 83333.086228 83417.904528 83502.722828 83587.541128 83672.359428 84936.109259 84900.976369
