youshuijie_TI_90m.txt
ncols	395
nrows	575
xllcenter	728172.125000
yllcenter	3685632.250000
cellsize	85.0473
nodata_value	-1.000000
[rows 135 to 161 of 575, columns 122 to 182 of 395]
6.342617 5.036267 5.341167 5.452428 5.996043 6.439780 9.148781 5.519118 5.341167 5.244005 10.671984 5.225656 5.148745 5.331176 15.021868 13.876227 23.247293 15.578360 14.466773 12.320406 5.057775 5.248829 5.767252 5.089855 5.687742 6.145576 11.677623 12.306482 11.150162 6.519292 5.172843 7.623552 6.618030 6.361309 6.361309 5.189937 6.097494 6.617731 7.244187 6.097494 5.595403 5.937152 5.301163 5.544109 5.452428 5.569427 5.248829 5.275497 6.053201 5.916001 5.452428 9.068835 11.059907 5.795371 6.097497 6.188465 6.014112 9.558408 8.124277 7.707761 6.583830
4.984494 5.382841 5.426328 6.618030 5.485218 5.089855 9.152118 6.806973 5.448800 5.197535 11.421405 5.841963 9.293085 23.272984 10.368782 9.127576 18.425772 6.113888 5.841895 11.987022 11.635008 12.072764 6.989296 5.890684 11.679671 12.369852 7.137215 5.554209 6.370787 11.566666 11.127126 11.061168 8.132642 6.806974 6.034315 6.399776 5.281746 7.218087 8.139201 6.766152 6.097495 6.769135 6.053201 5.389909 6.726932 5.281746 5.222854 5.519118 5.750920 5.275497 5.361788 8.193269 8.039119 10.894387 10.664188 10.803334 10.816329 7.014614 6.178368 6.930401 5.554209
5.155452 5.155452 5.155452 5.955843 6.971226 5.089855 9.094055 7.376690 5.544109 5.452458 20.972811 23.221563 23.307407 17.940264 8.375936 8.613946 8.375689 8.069901 7.014614 21.444319 11.850967 5.628319 11.748137 12.955435 6.535042 5.554209 5.994310 5.783002 5.197535 5.890682 7.081226 6.460400 11.624806 11.228224 10.812651 7.941953 7.061866 5.736482 8.791103 8.673372 6.488520 4.942530 5.341167 6.113827 7.178864 5.485218 6.315219 6.593930 5.831792 5.900783 5.706630 8.257809 7.276978 7.244187 5.197535 5.248829 7.441229 10.867123 8.624052 8.039119 7.500119
5.281746 5.028297 5.692029 5.815262 6.271158 6.940505 9.182680 5.996043 5.197535 5.452428 13.654446 6.097497 9.770748 5.331163 7.030118 7.382339 7.061866 5.941977 5.172843 6.940529 7.652568 11.496354 13.284985 12.976577 6.583830 6.145576 5.275497 5.341167 5.706630 5.841895 7.439495 5.331066 5.968645 7.287077 6.429629 11.402045 10.839816 11.038179 12.352143 10.698792 7.094656 5.667540 5.595404 7.846694 5.569427 7.441227 7.546592 6.746348 7.786067 6.635124 5.831792 7.587131 7.181665 7.137215 5.595404 5.736482 6.583827 10.341704 5.750920 5.677639 5.622072
4.814148 5.883084 5.767252 6.481453 6.547412 8.053505 14.619019 14.656297 13.870549 15.335846 14.640045 4.861063 6.113827 9.497682 7.181665 5.452428 7.063934 6.835094 5.341167 6.806973 7.094656 7.237757 7.228189 11.768204 6.930405 6.145576 5.275497 6.805242 6.321466 5.750920 5.708361 6.288551 6.053201 7.014614 5.057775 5.865990 6.618030 6.897612 7.276980 7.361187 10.769854 9.764485 9.174097 7.999111 7.317799 7.960023 5.708361 8.539839 7.094656 6.212265 5.569427 6.360687 7.112725 7.335866 7.766648 6.806977 9.520664 10.783549 8.973425 6.746348 5.890684
6.188467 5.799002 6.126909 6.524940 7.181665 15.090965 5.841895 6.981699 9.232987 6.940507 5.841892 6.200442 5.331066 5.102226 9.727685 6.694016 5.302896 5.955843 6.502959 6.609149 6.711664 6.635124 6.401508 6.024213 11.575668 10.625531 7.061866 5.360054 5.426328 5.320965 6.288551 5.079753 5.865693 5.708361 6.141947 5.628319 6.178365 6.247356 6.053201 6.488521 8.158175 5.622072 10.745573 10.148660 9.425413 8.678774 8.075486 5.420680 5.544109 5.519418 5.736482 5.590580 6.444067 6.178365 6.488518 7.035766 6.849532 7.040589 7.980225 9.127625 6.247359
5.530680 7.361187 6.220727 6.717360 8.257809 14.339947 5.248829 5.389909 8.223122 6.399776 5.848599 4.814148 6.380358 5.404346 8.113226 8.865263 6.075988 4.974392 5.647737 5.996043 6.302417 6.073005 5.554211 5.102226 10.558156 7.376690 9.897147 10.678173 10.073581 9.502603 8.819724 8.722113 9.349037 9.456961 5.222854 5.544109 5.197535 5.057775 5.079753 5.996043 6.360687 8.335050 7.137215 5.622072 9.520670 7.559016 6.083056 5.519118 5.595404 5.767252 6.668040 5.519118 5.248829 5.302896 5.389909 6.283727 6.247356 6.083056 6.519292 6.617731 7.400407
4.443764 5.448800 7.394759 9.356416 15.225462 7.905586 6.806973 5.890682 5.148745 8.112397 5.900785 4.802172 5.968645 7.505769 6.093207 8.495547 6.220727 4.889184 4.825973 5.485218 5.841893 5.420680 5.102226 5.244005 10.986476 6.838722 5.125215 6.178366 5.883084 7.541315 8.791155 5.890682 5.248829 6.776252 8.613949 8.614483 7.733736 7.930904 4.808877 5.036267 5.057775 7.633651 6.113827 5.471788 7.094656 9.846089 8.273311 8.288579 7.830362 7.500122 6.444067 5.148745 4.808877 4.935172 5.155452 5.519118 5.222854 5.197535 5.916001 6.113827 6.617731
6.940505 6.380889 10.090714 15.231823 6.024213 5.635677 5.842964 5.569427 5.105855 7.151814 6.498622 4.744352 5.222854 7.071125 5.687742 6.014735 8.066554 5.692029 4.825973 4.954590 5.554211 4.759281 4.861063 6.119475 10.699680 6.361309 6.068921 5.667540 4.743281 5.795372 6.342617 8.029016 6.195171 5.865990 4.897431 6.220727 7.559013 5.890682 5.155452 8.193268 9.115212 5.036267 5.331066 5.677639 5.841895 7.948144 5.341167 5.471788 5.865693 6.237254 5.628319 5.015214 5.468688 6.027537 4.826269 4.792070 4.889184 5.207638 5.452428 5.590580 6.083056
4.889184 4.242043 23.480057 5.519186 4.998882 4.826269 4.722129 5.531687 4.928925 5.772901 7.073505 6.727462 5.148745 6.828026 4.792070 5.289103 5.554211 8.054335 5.841892 5.057775 5.102226 4.386605 6.689191 9.484303 10.551425 6.014112 5.848599 5.865693 5.028297 5.554211 5.536511 7.212439 4.802172 6.306251 4.984494 5.818362 6.458666 6.971226 5.207638 5.647737 5.609270 6.288551 9.579576 7.345972 9.926129 5.996043 5.831792 5.471788 5.102226 5.015214 5.502024 5.374870 6.535040 5.471788 4.843364 6.027537 5.622072 5.244005 5.105855 5.622072 5.172843
5.436428 5.248842 23.483976 7.128592 6.466048 6.033784 5.750922 4.954590 5.207638 5.125215 5.841892 6.342617 5.994310 5.036267 6.593933 5.197535 4.897431 7.030118 7.528241 5.057775 5.452428 5.987796 5.765520 9.222890 10.582032 5.301163 5.089855 5.172546 5.043334 5.197535 5.015214 4.974392 7.307699 6.134879 5.831790 5.148745 5.708361 6.429678 5.189937 5.554209 5.015214 4.808877 5.057775 5.519418 5.750920 5.736482 5.079753 4.916122 8.029013 7.970121 7.662639 7.728911 7.864764 4.998882 6.969491 6.608320 5.772901 5.900785 5.692029 4.994595 4.863541
6.470501 5.079753 14.032174 8.039117 7.914555 7.434162 6.444069 6.053202 5.968645 5.452428 6.053201 5.452428 5.404346 4.863541 5.916001 5.262696 5.089855 6.156387 6.782280 5.074105 5.341167 5.831790 4.679112 8.193269 10.659482 6.119475 5.248829 5.341167 5.225656 5.404346 5.519418 5.544109 4.916122 5.507295 5.783002 5.058601 4.994595 5.172843 5.207638 5.028297 4.759281 4.743281 4.984494 5.122115 5.382841 5.301163 6.419578 6.435411 4.974392 4.843364 4.652309 4.843364 9.654202 7.985629 8.806374 4.954590 5.977694 5.888950 4.778641 6.041142 5.649470
8.480952 16.870739 9.474198 5.015214 6.014112 5.783002 7.153548 6.401508 5.841892 5.590580 6.399773 5.595404 7.287077 5.628319 5.360054 5.544109 5.244005 4.825973 5.647737 5.751749 5.028297 5.865990 6.249835 7.850323 6.145576 10.371211 9.487187 9.118216 9.120030 8.886415 8.158175 7.617904 6.053201 4.759281 5.074105 5.028297 5.301163 4.956323 4.876279 4.814148 5.941977 5.780335 4.733179 4.954590 6.535042 6.769135 5.974893 7.500121 5.647737 5.572229 5.554211 8.827524 6.119475 5.420680 5.248829 8.087857 8.618150 7.420079 6.776203 6.271455 5.706628
13.787823 6.806974 6.544610 4.350187 4.838540 5.677641 4.928925 4.876279 5.244005 6.212265 7.498389 6.905413 5.628319 4.843364 4.722129 5.301163 6.237257 5.389909 4.897431 5.015214 4.915500 4.984494 6.014112 7.118752 5.197535 7.500122 10.164548 6.617731 6.776252 6.593930 6.419578 6.524940 7.469399 5.874154 6.053201 5.420680 4.637869 5.554211 5.767252 5.635677 6.950605 6.624652 4.861063 5.647737 4.889184 4.994595 7.054456 8.004324 6.200838 6.113826 9.442711 6.955721 5.036267 4.994595 8.193269 4.897431 4.970308 4.915500 4.935172 7.956695 7.014614
6.380889 5.531687 6.027537 6.164936 6.247357 5.197535 5.341167 5.452428 5.331066 7.716642 5.569427 5.495318 6.399777 6.583830 5.372260 6.188467 5.058601 5.058601 5.900785 5.420680 4.897431 5.831790 6.306251 6.551040 5.426328 6.806973 10.001558 5.361788 5.900785 5.721444 5.848599 5.865693 5.883084 5.848599 4.897431 4.778641 4.679112 6.262574 4.808877 6.053202 6.271158 7.595430 5.485218 6.422561 4.617868 4.956323 4.956323 7.020015 7.852342 9.044639 6.872134 5.089855 4.666908 5.729414 9.157482 9.321732 9.229359 8.421052 9.579563 7.204657 6.832292
5.647737 6.054935 5.301163 6.014112 5.036267 5.649470 5.275497 5.941977 7.967322 6.342617 5.996043 6.361309 5.485218 7.797903 6.053202 5.667540 5.507295 5.888950 4.802172 5.105855 4.897431 6.288551 5.404346 5.360054 5.471788 5.708361 9.951127 6.188465 5.248829 5.404346 5.595404 5.471788 5.341167 5.382841 4.843364 4.579029 5.460228 5.531687 7.017416 6.559137 4.916122 8.203368 6.200838 7.266876 4.491966 4.627818 5.507295 5.751749 8.509120 9.556777 6.188465 5.197535 6.188465 10.052430 6.488520 7.014614 5.750922 5.519416 5.772901 5.595403 5.799002
4.876279 5.105855 6.141947 5.360054 5.197535 5.275497 5.708361 7.941953 6.188467 5.222854 7.122826 5.155452 7.933706 6.075988 4.861063 7.035765 7.400407 6.360687 5.468688 4.876279 5.148745 6.178365 8.010946 7.420079 8.139201 12.471641 5.941977 7.584331 7.137215 6.583830 6.321466 5.420680 5.519418 4.825973 5.536511 4.808877 6.134879 6.746349 7.478971 7.757949 6.054935 5.404346 8.678777 5.955843 4.516967 4.759281 6.200838 7.174601 10.357265 6.720684 5.331066 10.021447 9.835495 5.729414 4.712028 4.970308 4.826269 4.863541 5.320965 5.028297 4.915500
5.341167 5.122115 5.155452 5.015214 5.628319 5.795373 6.347442 8.339171 5.036267 5.628319 7.115708 7.493874 6.172718 5.301163 6.865865 7.426192 6.083056 4.916122 5.448800 4.689694 4.790338 5.361788 5.420680 5.918803 5.918803 6.583830 9.983293 10.031549 7.696830 6.583830 6.024213 5.708361 4.956336 5.959692 6.271455 5.058601 4.838540 4.850962 4.942530 8.234460 5.079753 6.374110 8.886415 5.028297 4.956323 4.998882 4.998882 5.043334 9.949935 5.302896 9.623855 6.748082 5.996043 5.197535 5.799002 5.426326 4.994595 4.974392 4.863541 4.850962 5.043334
5.608647 5.495319 4.889184 5.667540 6.296147 6.288549 8.797672 5.485218 6.247356 6.720684 9.123790 6.717360 5.677641 7.084554 7.728911 4.850962 5.225656 6.324268 7.196106 6.535039 5.841892 5.079753 5.448800 5.404346 5.974893 6.905712 7.682442 8.280278 6.370787 6.930405 5.331066 5.225656 4.609763 18.345730 8.375689 5.420680 4.879082 6.271455 6.624652 7.307699 8.561822 6.635124 9.358153 5.772901 5.301163 4.915500 5.736482 5.883110 10.345103 10.116538 7.030118 5.125215 5.248829 6.380358 6.790641 4.529706 5.197535 6.200838 5.582331 5.663455 6.204467
6.271158 5.736482 5.089855 6.835094 12.386944 11.566813 12.280920 12.270802 12.359076 10.866036 10.832324 10.901320 10.343660 9.024567 8.375589 7.727179 8.193267 7.551414 6.321466 5.750922 5.360054 5.058601 5.058601 5.382841 5.225656 6.024213 7.921336 7.992596 6.315219 5.495318 5.471788 5.013481 5.883084 7.787804 5.331066 5.028297 4.994595 5.916001 6.374110 6.283725 8.004348 9.969073 7.035791 6.178366 4.879082 4.915500 5.831790 6.766152 20.885799 6.283780 5.331066 4.994595 6.910601 6.593932 5.207638 4.609749 5.448800 7.210705 6.321466 7.498388 7.030118
11.511084 11.351001 11.451365 11.986510 6.360687 5.125215 6.178365 6.583830 6.849532 10.436963 5.222854 6.342617 5.341167 10.961380 7.633654 5.262074 5.222854 5.155452 5.043334 5.043334 5.815262 6.748083 6.113827 5.248829 5.301163 5.382841 7.310878 6.871512 6.881612 5.361788 5.172843 5.647737 6.769135 8.400908 6.200838 4.775541 4.696760 4.998882 5.275497 5.485218 6.429708 20.303474 6.807016 5.667540 5.125215 4.397779 6.141947 10.320337 5.361788 5.105855 5.036267 7.335819 7.153548 5.608647 4.956323 6.492149 7.718861 4.897431 7.940221 6.488520 6.726932
4.825973 5.207638 5.495318 5.544109 6.097494 4.897431 5.222854 5.968645 5.818362 10.231888 6.014112 5.420680 6.315219 5.222854 10.043920 6.237256 6.247356 6.097494 5.865693 7.565281 7.048136 5.890682 5.554209 5.244005 5.301163 5.244005 6.838722 6.401508 6.083056 5.361788 5.079753 5.389907 6.271158 8.666595 6.776203 5.460228 5.436428 4.879082 6.034315 5.057775 5.883084 10.249719 5.404346 5.831790 5.590580 4.897431 5.572229 11.530056 5.818386 5.013495 6.342617 11.326230 9.688763 9.598611 9.103480 8.685744 8.214321 8.267377 6.073005 5.795373 5.452428
7.657453 8.148815 8.480952 7.787803 6.429678 6.053201 4.916122 5.302896 5.519118 6.849532 10.619285 5.841892 5.360054 5.301163 5.222854 10.475494 10.657119 10.655704 7.937335 5.015214 4.915500 5.058601 6.950605 6.321466 5.102226 5.706630 5.916001 5.841892 5.331066 5.471788 4.994595 5.485218 5.996043 7.394710 8.539843 4.767081 6.418315 5.572229 5.125215 6.041142 5.172546 10.495852 6.930404 4.792070 5.341167 4.897431 5.485218 7.420151 21.444319 10.132991 9.934385 5.996043 5.074105 6.034315 7.822003 6.884935 4.623735 5.865693 6.237256 6.321466 5.795371
6.583830 6.145576 5.667540 5.495318 7.063934 6.458666 5.609270 4.775541 5.189937 5.708361 11.295613 6.905413 6.429678 5.841892 5.248829 5.729414 5.036267 5.994310 10.227613 9.847827 5.865990 7.132927 6.361309 5.687742 4.843364 5.426328 5.172843 5.420680 5.207638 5.138643 5.556688 5.036267 5.471788 4.876279 7.049750 8.294720 7.266876 6.200838 5.687742 4.767081 6.422561 10.501502 5.831790 5.148745 4.970308 5.649470 4.984494 5.452428 11.937328 6.444067 4.808877 5.013481 5.089855 4.879082 4.808877 6.041142 6.288549 4.652309 5.155452 5.389909 5.275497
6.113827 5.452428 5.706630 6.905712 6.583830 5.968645 4.491966 4.998882 5.389909 7.500183 20.291639 7.654314 7.181668 6.858267 6.635124 6.347442 5.471788 4.879082 5.572229 6.237257 10.172996 7.692493 6.849534 6.711664 6.340884 5.485218 5.172843 5.301163 4.928925 5.751749 5.426326 6.014112 4.529706 6.444069 6.897614 7.580066 8.422059 7.455670 6.296147 5.036267 10.253292 7.063934 4.825973 5.122115 5.089855 5.692029 6.200838 12.711427 8.827525 7.299450 7.115708 7.248806 7.244187 6.583829 4.727533 4.825973 4.998882 5.074105 5.102226 5.890682 8.622079
10.284534 10.185699 8.239790 7.310878 6.858267 6.776203 6.178366 4.251686 4.863541 5.102226 6.976909 10.274481 6.776203 6.347442 5.729414 5.148745 6.748080 4.843364 4.916122 4.743281 6.583830 9.461829 6.689191 6.444069 6.247357 5.590578 5.102226 4.879082 5.907489 6.832292 6.806974 7.718861 6.635124 6.506869 8.713143 9.813178 9.335940 10.639900 6.707260 5.968645 10.726029 5.955843 4.743281 4.767081 5.531687 5.452428 6.156387 11.403723 7.930904 7.354939 7.040589 5.687742 5.148745 5.155452 5.767252 5.485218 5.708404 19.792648 10.380431 10.790654 9.160852
7.328271 5.736482 10.396136 6.652822 5.818362 5.036267 5.692029 4.555682 5.426328 5.028297 6.053201 8.426884 9.581295 7.690165 7.707761 7.546640 8.791103 5.436428 5.079753 4.970308 4.916122 8.814956 7.824223 6.466048 6.134879 5.554211 4.897431 4.568927 5.818362 6.435411 6.598219 7.394759 8.737994 8.795775 5.751749 5.360054 4.467575 6.024213 10.282280 11.553593 10.887897 4.825973 4.998882 4.814148 5.608647 6.999346 11.902198 4.861063 5.918803 5.058601 5.074105 6.306251 6.024213 5.197535 4.994595 4.808877 4.808877 8.794608 5.013481 7.846694 8.021419
