youshuijie_TI_90m.txt
ncols	395
nrows	575
xllcenter	728172.125000
yllcenter	3685632.250000
cellsize	85.0473
nodata_value	-1.000000
[rows 135 to 161 of 575, columns 183 to 243 of 395]
6.488518 6.097497 6.315219 5.471788 5.248829 5.262696 5.331066 6.247356 6.178365 7.035765 5.302896 6.053201 6.401508 12.505766 7.112725 5.841892 6.790641 10.036485 6.519292 4.555682 5.207638 5.301163 4.916122 7.128556 8.523509 8.294719 8.977388 7.439495 5.649470 5.155451 4.496791 5.262696 4.956323 4.998882 5.105855 5.138643 5.301163 5.015214 5.736482 4.386617 22.814507 7.277076 4.696760 5.058601 5.172546 5.382841 5.448800 5.736482 5.028297 5.628319 7.413831 5.448800 5.189937 5.248829 12.677671 6.551040 4.778641 5.341167 5.244005 4.935172 12.114480
5.706630 6.141947 5.361788 5.197535 5.222854 5.197535 6.283727 6.401508 5.996043 7.244187 8.966457 8.957875 8.886415 9.338402 12.274862 8.886412 10.149279 5.750922 5.036267 5.262696 5.189937 5.865693 5.865990 5.677639 5.275497 5.795373 9.615982 8.148815 6.178366 5.483485 5.198749 5.105855 4.876279 5.831790 5.663455 5.649470 5.649470 5.572229 5.058601 4.386605 13.644788 8.080311 6.435411 6.583829 6.519292 6.488518 5.590580 5.677639 5.622072 5.074105 6.053201 5.222854 6.452802 7.276976 8.495392 12.931216 5.389907 4.970308 5.320965 5.941977 12.430265
5.360054 5.544109 5.015214 8.480949 7.905584 7.208606 5.281746 5.197535 4.648021 7.372236 5.918803 4.984494 4.942530 5.222854 6.083056 15.364248 5.890684 5.013481 5.074105 5.404346 4.998882 5.865693 6.912334 5.320965 4.954590 5.609270 6.618030 9.891045 6.964602 6.053202 5.066323 4.648021 4.759281 6.237256 5.949574 6.083107 6.027537 6.604033 4.974392 5.248829 13.077960 7.035764 5.941977 5.890682 5.420680 7.196109 6.488518 6.014112 5.302896 5.301163 5.628319 6.502959 5.635677 5.635677 6.093207 13.041355 6.024213 5.647737 4.998882 5.244005 11.557686
5.544109 5.281746 6.075988 5.244005 5.015214 4.916122 8.311049 9.761881 8.907566 5.028297 5.225656 5.225656 5.248829 5.890682 6.324268 5.974893 11.933098 5.799002 5.900785 5.262696 4.876279 5.865990 7.864764 5.155452 4.802172 4.861063 5.865990 7.441229 9.851496 7.067257 5.197536 4.496791 4.861063 4.928925 6.262574 6.492149 6.460400 7.538392 5.955843 4.879082 13.155649 7.276976 7.094656 6.916975 7.030118 5.750920 5.248829 5.244005 8.316695 7.500113 5.831792 5.471788 4.984494 5.460228 5.374870 6.976874 13.420965 7.137215 5.125215 5.036267 11.820477
5.554209 6.141947 6.075988 6.288549 6.271158 5.079753 4.954590 4.879082 4.861063 4.696760 6.488518 6.806974 7.212440 7.118752 7.252284 8.422061 12.088305 6.399776 5.900785 5.172546 4.942530 6.511509 7.787804 5.013481 4.838540 5.783002 5.248829 6.288551 10.390442 7.431128 6.559137 4.679112 5.751749 5.057775 6.204467 6.637735 6.748081 7.153547 7.952055 6.481453 13.227435 5.590578 5.036267 5.058601 5.138643 5.125215 6.374110 6.806973 4.954590 4.897431 5.105855 6.188465 5.281746 4.679112 4.569550 4.666908 5.937170 12.389690 6.871515 12.036349 6.806972
5.361788 5.262696 6.399776 6.254064 6.444896 6.799375 5.767252 5.795373 5.647737 4.843364 4.825973 5.222854 5.452428 6.024213 6.093207 6.955746 12.501555 6.488549 5.890682 5.138643 4.700389 7.276977 8.050167 5.148745 5.043334 5.815262 6.271455 5.452428 7.218087 10.107629 7.040589 6.097495 4.942530 4.889184 5.089855 6.488520 7.755013 8.342015 7.287077 7.846695 13.232076 4.879082 5.721444 5.848599 5.207638 5.841892 6.748083 7.132927 5.968645 6.551040 5.955843 5.382841 5.996043 4.861063 5.647737 5.874154 6.401529 22.743259 13.413872 6.871512 5.890682
5.360054 6.519292 7.815973 8.334348 8.521771 9.275882 9.530774 9.595894 6.524940 5.687742 5.649470 5.687742 4.916122 5.036267 4.994595 5.916026 22.055229 17.940264 7.707833 5.281746 4.825973 7.787803 8.028966 5.841892 4.956323 5.706628 7.067257 5.057775 5.197535 9.937959 7.605481 5.848599 4.897431 4.879082 6.024213 6.024213 6.617731 6.871512 8.752884 9.038835 13.397274 6.033784 5.799001 5.767252 5.197535 7.168765 7.189915 5.649470 6.583830 7.382339 5.883084 5.138643 6.164936 4.984494 4.541641 4.617868 5.015214 13.131846 7.035764 4.681723 5.426328
4.897431 7.441228 6.324268 5.706628 4.956323 6.324268 5.262696 5.687742 9.540342 10.832324 10.107629 10.764118 10.703162 6.429629 5.452428 6.083056 14.684020 8.539842 5.452428 4.727533 7.094656 9.985020 9.127629 6.204467 4.897431 5.750922 7.623552 5.941977 5.865990 9.916035 8.119159 4.974392 5.667540 5.590578 5.977694 4.954590 5.172546 5.148745 6.188465 5.667540 13.616798 8.624052 5.959676 5.225656 5.628319 7.956880 5.635677 5.102226 6.635124 7.559013 5.994310 6.460401 5.244005 4.560160 5.235756 6.262574 6.401508 15.429406 6.024213 4.974392 4.843364
4.733179 6.265376 5.262074 4.364626 4.404675 4.727533 5.043334 4.838540 7.945135 6.940504 6.014112 5.222854 6.726932 10.317160 10.742716 11.228660 5.628319 12.732301 14.010704 6.748080 5.302896 5.148745 5.485218 9.075657 9.468337 9.724742 9.815953 13.807440 15.064373 13.885993 8.736554 6.558840 6.271455 6.178366 6.422561 5.795373 4.935172 5.783002 5.331066 7.112725 6.342617 13.435896 5.750922 5.225656 6.551040 8.409491 5.036267 5.590578 8.043404 6.288549 6.668040 6.083056 5.262696 4.759281 5.874154 6.401508 13.484659 5.841895 4.897431 4.666908 5.572229
4.902256 5.590578 4.775541 4.516967 5.590578 5.810640 7.528291 7.952055 5.608647 5.331068 4.582350 4.617868 5.138643 5.544109 10.573612 5.772901 5.155452 6.024213 8.193270 12.376010 13.398650 12.691910 5.649470 5.554209 5.941977 12.896016 13.337285 5.667540 5.667540 5.750920 13.017336 13.562972 13.925223 13.795390 14.028786 7.559016 6.689190 7.040589 14.036400 13.688792 13.798257 14.919968 6.113827 5.302896 6.905413 8.396867 5.865990 8.164280 6.687458 6.891184 5.301163 6.881612 5.301163 4.994595 5.941977 6.832316 22.772570 13.844138 6.748080 6.460400 6.519292
4.942530 4.792070 4.420507 6.321466 5.996043 6.565761 6.220727 5.750922 5.079753 4.897431 4.876279 4.251686 6.247356 10.446913 6.832292 5.148745 4.850962 5.495319 5.729414 6.306251 5.360054 6.113827 12.919975 13.583484 14.066999 7.196109 6.444067 9.974923 7.856797 8.043406 5.207638 5.420680 8.375587 10.631653 10.981364 13.541240 13.746232 13.684007 8.591137 5.831792 6.806973 8.416414 14.230205 6.212265 7.163647 8.385641 6.583830 8.660469 7.112725 5.848599 6.764890 5.955843 5.122115 5.426328 4.928925 5.635690 6.726968 6.583831 13.031530 13.243125 13.327332
4.863541 4.826269 4.902256 5.155452 4.767081 4.711201 4.954590 5.079753 5.074105 4.802172 4.876279 5.302896 10.619282 5.968645 5.729414 5.706628 4.863541 4.850962 5.058601 4.861063 4.876279 4.974392 10.894874 6.726932 5.647737 5.519120 4.994595 8.385641 6.661792 5.148745 6.212265 7.153547 9.944488 5.102226 5.079753 5.197535 5.248829 8.913083 7.617904 6.237257 5.361788 7.930904 8.280278 15.063193 7.905584 9.040565 9.099991 7.536489 6.488521 7.073505 6.306251 5.883084 5.320965 5.043334 5.225656 4.755652 4.681723 4.727533 4.595956 4.696760 5.360054
6.172718 4.974392 4.850962 5.595403 5.667540 4.954590 4.984494 5.172843 5.502024 6.380889 6.849534 9.846998 7.500122 4.666908 4.712028 4.879082 4.863541 4.970308 4.915500 5.155452 5.197535 9.591622 9.835495 5.590578 4.974392 5.360054 8.090892 6.746348 6.247357 4.902256 5.013481 6.707260 8.915401 9.107823 7.707761 8.518691 10.513920 5.248829 7.410508 5.125215 7.126149 4.850962 5.420680 7.345972 15.068274 9.675499 9.474550 8.132642 9.123790 8.614483 7.237757 6.247356 6.558840 5.281746 6.141947 5.974893 5.554209 5.172546 4.767081 4.755652 5.248854
5.708361 5.057775 4.261442 6.112093 7.013784 5.918803 4.974392 5.687742 4.825973 5.687742 10.142805 7.204842 4.712028 4.514490 5.013481 4.915500 5.138643 5.996043 6.466048 9.969758 10.605297 6.748082 9.710590 4.956323 5.471788 7.058238 7.233491 5.795372 5.374870 4.743281 6.254064 8.847326 7.657453 5.436428 6.053202 6.422561 5.036267 9.119659 17.806732 8.981681 4.759281 4.876279 4.623735 7.431128 9.029994 23.657291 23.581728 10.524560 5.554209 5.426328 7.883064 8.039119 7.500121 5.360054 5.622072 6.981699 6.805242 5.172546 5.677641 5.609270 7.500119
6.113826 5.057775 4.242024 5.374870 7.682444 8.835123 9.068738 9.385406 8.920316 10.001359 7.551414 5.874154 4.733179 4.843364 6.212265 7.118752 7.757949 8.635100 9.503865 6.271158 4.994595 5.996043 9.428013 4.658278 5.043334 6.134879 7.115708 5.628319 5.148745 4.802172 6.648991 8.698362 7.434162 4.727533 5.536511 6.033784 6.271158 8.563641 6.828048 6.401508 5.262696 5.687742 6.579746 6.850361 5.148745 5.751190 7.501070 23.688862 6.583950 5.036267 4.956323 5.015214 5.262696 6.439780 4.825973 5.302896 7.317799 7.557278 7.818575 7.861912 9.086386
5.058601 5.404346 4.242024 5.780335 8.183164 5.207638 5.471788 5.799000 8.476662 7.662640 5.275497 5.372260 5.519416 4.375556 6.237256 5.736482 5.172546 7.287077 9.228166 5.729414 5.028297 6.694016 9.600182 5.900785 4.843364 5.519120 7.194739 5.102226 5.628319 6.083107 8.385690 7.194739 7.382339 4.970308 5.677641 5.706628 6.188467 7.981958 6.734653 6.559137 4.790338 5.331017 6.565761 4.666908 6.806974 8.139201 10.332537 6.940859 23.690453 7.073543 4.897449 6.033784 6.399775 5.848599 4.375556 5.189937 5.916001 6.321466 6.746348 6.912334 7.420079
5.281746 5.471788 4.790338 4.357792 5.468688 6.083056 7.128556 9.879617 4.843364 7.518139 4.879082 4.727533 4.727533 4.256255 4.733179 4.712028 6.817076 9.262842 6.488521 5.148745 5.706628 9.009846 7.970124 5.815262 4.529706 4.808877 6.940505 5.448800 5.485218 7.998245 6.559137 6.670841 7.617904 5.138643 4.942530 5.831790 7.674844 6.229659 6.380889 6.156387 4.755652 5.253307 5.248829 5.130346 5.809813 4.542609 5.536511 8.039326 23.605032 5.628356 18.805262 8.886488 6.806973 5.729414 4.397779 5.262696 4.861063 5.977694 7.212440 7.472722 7.905587
5.815262 5.207638 5.900783 5.122115 4.790338 5.361787 5.404348 6.761164 7.013784 18.425772 8.781154 6.583830 4.808877 4.409079 5.609270 5.949574 6.356603 8.921505 6.053201 4.970308 5.663455 8.886415 7.893165 6.288549 4.479696 4.902256 6.444069 5.262696 5.507295 7.595430 6.033784 6.734653 7.048136 5.028297 4.711201 7.035765 6.340884 6.178366 6.247357 5.818362 4.826269 4.767081 4.700389 4.470815 4.516967 4.550858 4.462304 4.712028 5.382841 13.886550 9.579559 5.750964 5.089870 4.802172 4.617868 4.838540 5.244005 5.531687 5.622072 5.767252 5.865693
5.831790 5.225656 5.554209 7.092920 5.172546 4.889184 6.385177 5.890683 5.968645 5.874170 6.247358 4.767081 5.155452 4.409079 5.572229 6.524940 5.122115 8.139201 4.727533 4.850962 5.663455 9.099991 6.832292 6.385177 4.569550 4.970308 5.536511 4.876279 5.854265 6.771883 5.841892 6.689190 6.667212 4.928925 4.335149 6.470501 6.053202 5.554211 5.572229 4.994595 5.105855 5.058601 5.074105 5.058601 4.617868 4.790338 4.733179 4.790338 5.125215 6.635124 14.777382 18.751194 8.193305 6.624652 6.053202 4.491966 5.900783 5.281746 4.802172 4.627818 4.722129
5.916001 5.382841 7.911234 7.707761 6.283727 4.876279 5.360054 5.420680 5.941977 5.405175 5.436428 4.778641 4.861063 5.316882 6.675397 7.988475 10.496100 19.118919 4.652322 4.998882 4.889184 8.152446 5.729414 5.582331 5.924881 4.879082 4.775541 5.483485 5.519416 6.212267 4.792070 6.093207 6.073005 4.956323 4.648021 6.014735 5.420680 4.666908 4.861063 4.843364 5.572229 7.025663 7.345970 7.673393 7.373827 7.830165 5.667540 6.559137 8.124277 14.884315 5.750920 5.519154 5.225674 7.240559 6.374110 4.311704 5.361788 5.420680 5.750920 5.015214 5.918803
6.178365 7.792629 6.188465 5.331066 5.262696 4.838540 4.637920 4.555682 5.289103 4.455598 4.529706 4.916122 5.360054 6.524938 5.311015 6.699293 6.113826 5.890699 4.998896 5.841892 7.200052 18.996317 4.727547 4.902256 4.790338 4.637869 4.942530 4.863541 5.677641 4.916122 4.889184 4.879082 4.652309 4.970308 4.767081 5.036267 4.994595 5.089855 4.861063 5.708361 6.439780 4.994595 5.818362 6.401508 6.347442 7.137216 8.235828 8.367621 14.897420 6.053366 5.222854 5.058601 4.998882 5.148745 5.172546 5.089855 5.248829 6.488521 5.890682 4.935172 5.015214
8.097957 6.502959 5.189937 5.225656 5.244005 4.627818 5.244005 5.281746 5.015214 4.838540 4.935172 5.222854 5.736482 4.889184 4.496791 6.014735 5.436428 5.436428 4.876279 5.706628 6.715308 6.200860 7.153562 7.276978 5.222854 5.841939 16.553970 6.399773 4.668640 4.700399 4.825989 4.984508 4.759281 4.935172 4.942530 4.970308 5.057775 5.105855 5.647737 6.188467 5.013481 5.197535 4.942530 4.767081 4.453865 5.068703 5.996043 6.617733 8.624268 23.726778 8.685874 7.181668 6.559137 6.178366 5.148745 5.389909 6.668039 6.648991 6.296147 5.750922 4.897431
8.267377 6.054935 5.848599 5.974893 6.790641 5.222853 5.544109 5.495318 4.942530 4.970308 6.014112 4.843364 4.808877 5.015214 4.617868 4.808877 4.727533 5.015214 4.755652 5.721444 5.687742 5.374870 5.941977 4.743281 4.863541 4.658278 5.924585 4.843364 4.322067 6.401536 17.806732 5.426328 5.628319 5.772901 4.778641 5.609270 6.429678 5.275497 6.113826 6.511509 7.074037 7.824223 5.015214 5.036267 4.889184 4.261442 5.569427 5.900784 5.057775 7.633654 23.645123 6.871560 5.826145 4.743281 4.998882 4.879082 5.996043 7.574230 8.414680 6.570401 5.815262
8.482683 8.195002 8.124275 7.883113 7.345969 7.030118 5.468688 4.942530 4.935172 6.126909 5.404348 6.506869 5.436428 5.468688 4.861063 4.727533 4.808877 4.727533 4.861063 4.843364 4.861063 4.843364 4.792070 5.138643 4.942530 4.479399 6.401508 5.554211 4.617868 4.681723 7.159195 5.036267 10.485724 7.345972 4.778641 6.360687 6.466048 5.105855 4.998882 5.125215 5.436428 6.380358 8.109059 5.590578 4.915500 4.251686 5.635677 4.595956 5.647737 14.361735 7.441229 5.916001 4.397779 4.850962 5.172546 5.172843 5.301163 5.036267 6.617731 8.886415 9.026178
8.991826 6.444069 6.551040 6.321466 5.519118 5.485218 5.647737 4.863541 5.057775 4.954590 6.352719 7.754886 6.247357 5.941977 5.647737 5.609270 5.647737 5.590578 5.468688 4.595956 4.666908 4.759281 4.843364 4.942530 4.617868 5.089854 6.900500 6.053202 4.569550 6.134879 7.322440 7.171617 5.102226 5.172546 4.432068 7.811603 7.360358 5.495318 5.608647 5.649470 4.843364 5.608647 6.648991 8.030748 4.970308 4.443764 5.544109 4.386605 5.841892 14.564694 7.228189 5.959676 5.420680 4.916122 5.043334 6.399776 4.974392 5.262696 5.222854 6.551040 7.360358
6.053201 5.275497 5.262696 5.189937 5.301163 5.750922 5.982250 4.588598 5.420680 5.172843 5.345456 6.444069 8.666595 6.790641 6.073005 6.054935 5.874154 5.924585 5.890683 5.436428 5.248829 5.345456 5.302896 4.652309 5.554211 5.197536 8.191536 6.508409 4.648021 6.624652 7.360360 7.404811 6.271455 4.916122 4.838540 5.058601 7.941953 4.876279 4.568927 6.635124 7.248806 6.888319 7.942029 8.977433 5.148745 4.843364 4.150217 5.883085 5.248829 14.460086 8.827527 5.628318 5.708361 4.954590 4.928925 5.751749 6.689191 4.970308 5.404346 5.172546 5.262696
7.574230 7.459299 7.228189 6.283727 5.155452 6.073005 6.766171 4.579038 6.073005 4.984494 5.122115 4.879082 5.708361 9.078837 7.815923 5.262696 7.227656 6.380889 6.265376 5.996043 5.694568 5.603001 5.765520 5.331068 5.841893 4.970308 4.722129 7.428490 6.365090 6.881083 7.523110 7.352485 6.247358 5.519120 4.843364 5.767252 8.006056 4.889184 4.984494 5.089855 5.189937 4.681723 6.113856 19.524385 7.277076 5.799002 4.097190 4.681723 7.542765 14.811398 6.488521 5.572229 5.102226 4.861063 4.915500 5.721444 7.322440 5.013481 5.244005 5.148745 5.519118
