youshuijie_90m_DEM.txt
ncols	395
nrows	575
xllcenter	728172.117396
yllcenter	3685632.186265
cellsize	85.0473
nodata_value	-9999.000000
[rows 336 to 359 of 575, columns 216 to 269 of 395]
790.000000 826.000000 855.000000 968.000000 1020.000000 1039.000000 1025.000000 1009.000000 1017.000000 1065.000000 1112.000000 1116.000000 1102.000000 1061.001000 1074.000000 1049.000000 1024.000000 1005.000000 980.000000 944.000000 921.000000 897.000000 865.000000 843.000000 796.000000 773.000000 756.000000 741.000000 738.000000 734.000000 732.000000 735.000000 756.000000 787.000000 852.000000 912.000000 963.000000 1020.000000 1047.000000 1032.000000 1028.000000 1031.000000 1042.000000 1056.000000 1035.000000 1019.000000 1007.000000 1008.000000 1037.000000 1051.000000 1078.000000 1119.000000 1169.000000 1223.000000
769.000000 812.000000 847.000000 946.000000 986.000000 1009.000000 986.000000 968.000000 992.000000 1048.000000 1086.000000 1081.000000 1063.000000 1061.000000 1074.000000 1049.000000 1020.000000 996.000000 967.000000 945.000000 924.000000 901.000000 873.000000 851.000000 804.000000 788.000000 773.000000 759.000000 743.000000 732.001000 732.000000 730.000000 737.000000 762.000000 831.000000 889.000000 948.000000 1006.000000 1033.000000 1010.000000 997.000000 989.000000 990.000000 1009.000000 1003.000000 980.000000 971.000000 984.000000 1012.000000 1038.000000 1081.000000 1124.000000 1172.000000 1205.000000
749.000000 787.000000 820.000000 865.000000 951.000000 976.000000 959.000000 932.000000 967.000000 1010.000000 1052.000000 1062.000000 1027.000000 1007.000000 1033.000000 1024.000000 1020.000000 996.000000 967.000000 945.000000 925.000000 899.000000 876.000000 854.000000 833.000000 823.000000 811.000000 808.000000 794.000000 761.000000 737.000000 729.000000 727.002410 740.000000 801.000000 852.000000 925.000000 989.000000 1019.000000 994.000000 971.000000 963.000000 950.000000 963.000000 958.000000 941.000000 958.000000 992.000000 1035.000000 1069.000000 1107.000000 1145.000000 1166.000000 1155.000000
731.000000 758.000000 790.000000 835.000000 907.000000 945.000000 933.000000 902.000000 922.000000 960.000000 1007.000000 1020.000000 994.000000 966.000000 990.000000 982.000000 985.000000 981.000000 970.000000 948.000000 925.000000 899.000000 876.000000 886.000000 865.000000 859.000000 854.000000 859.000000 842.000000 822.000000 786.000000 747.000000 731.000000 727.001000 733.000000 830.000000 886.000000 950.000000 995.000000 972.000000 950.000000 939.000000 919.000000 909.000000 911.000000 942.000000 966.000000 993.000000 1032.000000 1083.000000 1127.000000 1149.000000 1133.000000 1106.000000
722.000000 726.000000 754.000000 799.000000 865.000000 899.000000 914.000000 889.000000 881.000000 920.000000 960.000000 970.000000 946.000000 925.000000 936.000000 947.000000 948.000000 937.000000 946.000000 943.000000 927.000000 903.000000 894.000000 886.000000 868.000000 859.000000 886.000000 890.000000 869.000000 842.000000 804.000000 772.000000 746.000000 727.000000 728.000000 774.000000 845.000000 936.000000 972.000000 955.000000 923.000000 904.000000 880.000000 874.000000 905.000000 951.000000 1015.000000 1020.000000 1046.000000 1078.000000 1109.000000 1108.000000 1088.000000 1066.000000
718.001000 718.000000 723.000000 747.000000 783.000000 851.000000 881.000000 864.000000 841.000000 881.000000 910.000000 904.000000 884.000000 879.000000 907.000000 908.000000 914.000000 896.000000 900.000000 907.000000 926.000000 923.000000 918.000000 906.000000 896.000000 888.000000 886.000000 890.000000 869.000000 842.000000 814.000000 775.000000 755.000000 728.000000 725.000000 738.000000 817.000000 923.000000 946.000000 932.000000 896.000000 870.000000 853.000000 880.000000 922.000000 968.000000 1037.000000 1059.000000 1072.000000 1062.000000 1043.000000 1048.000000 1043.000000 1026.000000
721.000000 718.000000 716.002820 719.000000 732.000000 798.000000 826.000000 830.000000 811.000000 835.000000 857.000000 856.000000 844.000000 844.000000 873.000000 858.000000 861.000000 852.000000 857.000000 875.000000 906.000000 934.000000 943.000000 929.000000 930.000000 927.000000 919.000000 893.000000 868.000000 843.000000 814.000000 775.000000 755.000000 743.000000 724.000000 722.001000 791.000000 878.000000 906.000000 892.000000 861.000000 833.000000 844.000000 896.000000 936.000000 981.000000 1034.000000 1034.000000 1033.000000 1012.000000 979.000000 976.000000 986.000000 978.000000
727.000000 722.000000 719.000000 716.001410 717.000000 748.000000 772.000000 789.000000 783.000000 793.000000 821.000000 817.000000 805.000000 806.000000 817.000000 806.000000 812.000000 818.000000 841.000000 867.000000 898.000000 940.000000 969.000000 968.000000 977.000000 978.000000 963.000000 939.000000 908.000000 863.000000 823.000000 794.000000 771.000000 743.000000 724.000000 722.000000 791.000000 826.000000 860.000000 852.000000 824.000000 821.000000 861.000000 914.000000 950.000000 972.000000 981.000000 966.000000 955.000000 945.000000 920.000000 914.000000 918.000000 914.000000
729.000000 723.000000 719.000000 718.000000 716.000000 715.001000 722.000000 739.000000 764.000000 773.000000 790.000000 786.000000 773.001000 780.000000 782.000000 780.000000 775.001000 788.000000 825.000000 859.000000 894.000000 935.000000 979.000000 1009.000000 1032.000000 1025.000000 994.000000 960.000000 916.000000 874.000000 842.000000 806.000000 774.000000 749.000000 725.000000 720.001000 765.000000 826.000000 860.000000 852.000000 792.002000 817.000000 859.000000 896.000000 917.000000 919.000000 911.000000 896.000000 879.000000 874.000000 853.000000 839.001000 843.000000 851.000000
729.000000 723.000000 719.000000 718.000000 716.000000 715.000000 722.000000 739.000000 764.000000 773.000000 790.000000 786.000000 773.000000 780.000000 782.000000 780.000000 775.000000 788.000000 825.000000 859.000000 894.000000 935.000000 979.000000 1009.000000 1032.000000 1025.000000 994.000000 960.000000 916.000000 874.000000 842.000000 806.000000 774.000000 749.000000 725.000000 720.000000 765.000000 826.000000 860.000000 852.000000 792.001000 817.000000 859.000000 896.000000 917.000000 919.000000 911.000000 896.000000 879.000000 874.000000 853.000000 839.000000 843.000000 851.000000
729.000000 726.000000 722.000000 720.000000 716.000000 716.000000 712.002820 715.000000 735.000000 758.000000 767.000000 757.000000 754.000000 761.000000 756.000000 757.000000 761.000000 770.000000 787.000000 830.000000 879.000000 919.000000 956.000000 989.000000 1034.000000 1062.000000 1005.000000 959.000000 927.000000 907.000000 870.000000 824.000000 787.000000 752.000000 730.000000 720.000000 719.001000 793.000000 833.000000 816.000000 792.000000 817.000000 859.000000 849.000000 857.000000 845.000000 842.000000 846.000000 822.000000 808.000000 797.000000 800.000000 800.001000 800.002000
734.000000 726.000000 722.000000 720.000000 716.001000 717.000000 713.000000 712.001410 716.000000 727.000000 732.000000 729.000000 733.000000 738.000000 731.000000 740.000000 743.000000 747.000000 756.000000 783.000000 832.000000 871.000000 908.000000 957.000000 1018.000000 1063.000000 1055.000000 992.000000 966.000000 921.000000 873.000000 827.000000 787.000000 762.000000 739.000000 720.000000 719.000000 765.000000 807.000000 797.000000 776.000000 809.000000 834.000000 849.000000 857.000000 845.000000 842.000000 790.000000 788.002410 792.000000 811.000000 845.000000 844.000000 823.000000
765.000000 740.000000 734.000000 726.000000 716.002000 717.000000 713.000000 712.001000 712.000000 710.002000 714.000000 716.000000 718.000000 718.000000 716.000000 720.000000 723.000000 725.000000 734.000000 749.000000 790.000000 835.000000 880.000000 937.000000 990.000000 1040.000000 1077.000000 1038.000000 988.000000 937.000000 891.000000 837.000000 805.000000 775.000000 740.000000 718.000000 715.016870 749.000000 772.000000 774.000000 763.000000 780.000000 786.000000 791.000000 794.000000 787.000000 782.000000 790.000000 788.001410 792.000000 873.000000 899.000000 884.000000 857.000000
811.000000 789.000000 763.000000 748.000000 732.000000 719.000000 716.000000 712.001000 712.000000 710.001000 714.000000 712.000000 712.001000 712.000000 710.000000 712.000000 712.000000 710.000000 714.000000 716.000000 759.000000 803.000000 855.000000 915.000000 975.000000 1027.000000 1075.000000 1057.000000 1010.000000 967.000000 923.000000 882.000000 826.000000 774.000000 739.000000 719.000000 715.015870 719.000000 764.000000 763.000000 753.000000 749.000000 746.000000 756.000000 763.000000 775.000000 797.000000 788.000000 813.000000 842.000000 873.000000 899.000000 884.000000 892.000000
848.000000 819.000000 813.000000 799.000000 782.000000 748.000000 728.000000 720.000000 717.000000 710.000000 710.000000 712.000000 712.000000 712.000000 710.000000 709.000000 706.001000 706.000000 705.000000 703.004410 715.000000 772.000000 836.000000 895.000000 956.000000 1029.000000 1091.000000 1087.000000 1050.000000 1014.000000 968.000000 913.000000 854.000000 803.000000 746.000000 720.000000 715.014870 720.000000 756.000000 749.000000 740.000000 745.000000 763.000000 776.000000 789.000000 817.000000 842.000000 833.000000 871.000000 889.000000 906.000000 926.000000 912.000000 892.000000
875.000000 861.000000 864.000000 862.000000 838.000000 805.000000 788.000000 733.000000 725.000000 717.000000 709.000000 707.001000 707.000000 706.004820 706.003820 709.000000 706.001000 706.000000 703.003820 703.003410 705.000000 742.000000 811.000000 888.000000 949.000000 1014.000000 1070.000000 1137.000000 1110.000000 1060.000000 993.000000 940.000000 865.000000 800.000000 751.000000 715.013460 715.013870 721.000000 739.000000 736.000000 739.000000 774.000000 809.000000 836.000000 835.000000 848.000000 868.000000 877.000000 904.000000 930.000000 940.000000 955.000000 951.000000 925.000000
924.000000 916.000000 916.000000 905.000000 868.000000 843.000000 820.000000 762.000000 779.000000 770.000000 740.000000 720.000000 712.000000 706.004410 706.003410 706.002410 707.000000 706.000000 703.003410 703.002410 705.000000 742.000000 795.000000 872.000000 948.000000 993.000000 1048.000000 1124.000000 1123.000000 1058.000000 1005.000000 943.000000 865.000000 809.000000 742.000000 715.012460 715.012870 718.000000 726.000000 743.000000 766.000000 800.000000 829.000000 867.000000 883.000000 890.000000 909.000000 921.000000 918.000000 956.000000 977.000000 991.000000 990.000000 964.000000
987.000000 991.000000 983.000000 951.000000 893.000000 857.000000 805.000000 772.000000 826.000000 838.000000 813.000000 791.000000 765.000000 738.000000 729.000000 724.000000 738.000000 739.000000 725.000000 706.000000 703.001000 721.000000 795.000000 872.000000 948.000000 1008.000000 1034.000000 1074.000000 1082.000000 1019.000000 979.000000 918.000000 858.000000 797.000000 728.000000 715.011460 715.011870 720.000000 726.000000 755.000000 783.000000 822.000000 870.000000 888.000000 910.000000 927.000000 932.000000 944.000000 955.000000 983.000000 1002.000000 1022.000000 1021.000000 1021.000000
1040.000000 1028.000000 1000.000000 961.000000 909.000000 836.000000 794.000000 790.000000 867.000000 885.000000 880.000000 863.000000 853.000000 832.000000 830.000000 821.000000 799.000000 775.000000 731.000000 710.000000 703.000000 733.000000 815.000000 882.000000 955.000000 1008.000000 1034.000000 1074.000000 1059.000000 991.000000 947.000000 885.000000 845.000000 792.000000 727.000000 715.010460 716.000000 727.000000 741.000000 763.000000 782.000000 827.000000 881.000000 890.000000 893.000000 895.000000 898.000000 909.000000 917.000000 953.000000 972.000000 1000.000000 1022.000000 1030.000000
1016.000000 1001.000000 970.000000 932.000000 886.000000 829.000000 811.000000 820.000000 900.000000 936.000000 940.000000 937.000000 929.000000 918.000000 883.000000 846.000000 797.000000 764.000000 735.000000 704.000000 701.001410 737.000000 775.000000 879.000000 938.000000 987.000000 997.000000 1027.000000 1059.000000 991.000000 947.000000 885.000000 856.000000 801.000000 729.000000 715.009460 715.009050 718.000000 728.000000 754.000000 774.000000 829.000000 866.000000 860.000000 849.000000 843.000000 847.000000 860.000000 869.000000 900.000000 919.000000 944.000000 972.000000 983.000000
954.000000 946.000000 924.000000 903.000000 857.000000 830.000000 846.000000 867.000000 883.000000 961.000000 975.000000 965.000000 947.000000 920.000000 878.000000 820.000000 774.000000 738.000000 718.000000 701.000000 706.000000 752.000000 821.000000 900.000000 955.000000 964.000000 955.000000 987.000000 1009.000000 981.000000 946.000000 896.000000 856.000000 801.000000 729.000000 715.008460 715.008050 715.007640 719.000000 732.000000 759.000000 792.000000 808.000000 804.000000 799.000000 798.000000 806.000000 819.000000 824.000000 836.000000 870.000000 896.000000 918.000000 935.000000
948.000000 939.000000 902.000000 880.000000 854.000000 854.000000 885.000000 919.000000 942.000000 980.000000 954.000000 918.000000 888.000000 867.000000 838.000000 787.000000 738.000000 717.000000 706.000000 700.000000 706.000000 763.000000 827.000000 887.000000 921.000000 912.000000 919.000000 949.000000 958.000000 978.000000 957.000000 914.000000 864.000000 809.000000 763.000000 715.008050 715.007050 715.006640 719.000000 720.000000 738.000000 751.000000 758.000000 760.000000 783.000000 791.000000 800.000000 809.000000 815.000000 824.000000 847.000000 861.000000 881.000000 902.000000
997.000000 970.000000 939.000000 905.000000 889.000000 894.000000 924.000000 962.000000 989.000000 974.000000 926.000000 872.000000 837.000000 816.000000 793.000000 758.000000 720.000000 708.000000 702.000000 697.001000 703.000000 764.000000 817.000000 859.000000 878.000000 861.000000 872.000000 895.000000 901.000000 916.000000 937.000000 922.000000 884.000000 838.000000 791.000000 742.000000 715.006640 715.005640 715.005230 720.000000 738.000000 751.000000 751.000000 788.000000 831.000000 856.000000 876.000000 896.000000 888.000000 895.000000 892.000000 888.000000 894.000000 891.000000
997.000000 970.000000 939.000000 939.000000 931.000000 928.000000 953.000000 971.000000 969.000000 921.000000 880.000000 837.000000 796.000000 775.000000 760.000000 737.000000 715.000000 707.000000 702.000000 697.000000 702.000000 742.000000 796.000000 818.000000 825.000000 817.000000 824.000000 834.000000 841.000000 851.000000 880.000000 900.000000 902.000000 868.000000 827.000000 783.000000 738.000000 715.005230 715.004230 715.003820 725.000000 731.000000 751.000000 788.000000 831.000000 843.000000 891.000000 937.000000 975.000000 986.000000 974.000000 960.000000 948.000000 933.000000
