youshuijie_TI_90m.txt
ncols	395
nrows	575
xllcenter	728172.125000
yllcenter	3685632.250000
cellsize	85.0473
nodata_value	-1.000000
[rows 135 to 161 of 575, columns 0 to 60 of 395]
-1.000000 -1.000000 -1.000000 -1.000000 -1.000000 -1.000000 -1.000000 -1.000000 -1.000000 -1.000000 -1.000000 -1.000000 -1.000000 -1.000000 -1.000000 -1.000000 -1.000000 -1.000000 -1.000000 5.320965 5.155452 5.302896 5.667540 5.361788 5.148745 5.968645 8.004324 6.940507 7.439495 8.144480 7.846695 6.247356 7.287077 8.914536 5.125215 5.360054 6.401508 7.420079 7.970121 10.436954 5.831792 7.786067 8.635105 6.806977 7.420079 9.985024 10.967583 5.420680 6.113888 23.553848 6.689299 8.945304 6.401508 7.623548 6.178368 5.996043 6.707260 10.215555 8.203368 7.382338 7.682439
-1.000000 -1.000000 -1.000000 -1.000000 -1.000000 -1.000000 -1.000000 -1.000000 -1.000000 -1.000000 -1.000000 -1.000000 -1.000000 -1.000000 -1.000000 -1.000000 -1.000000 -1.000000 -1.000000 5.302896 6.380358 6.940507 6.370787 5.331066 5.197535 5.841892 6.617731 9.009842 5.890684 6.444067 6.511509 9.378890 9.926136 5.485218 5.172843 5.795373 7.200017 9.137732 9.050671 8.193272 7.240559 7.751385 5.841895 6.097497 8.385690 6.535042 5.360054 5.667540 6.790686 14.634122 7.153611 5.996043 8.539845 6.247359 6.401508 7.933706 6.342617 10.678176 9.178924 8.947038 9.867244
-1.000000 -1.000000 -1.000000 -1.000000 -1.000000 -1.000000 -1.000000 -1.000000 -1.000000 -1.000000 -1.000000 -1.000000 -1.000000 -1.000000 -1.000000 -1.000000 -1.000000 -1.000000 -1.000000 5.244005 4.935172 8.221388 6.054933 7.786067 5.795371 5.916001 6.689190 7.231510 9.080573 5.767252 5.207638 6.460400 5.590580 5.649470 5.519118 6.212565 5.471788 6.746348 7.766648 6.930401 5.996043 8.326801 7.970121 7.559016 8.549945 7.094656 5.736482 5.706630 5.750964 23.557489 6.113888 6.141947 6.524940 6.237254 7.276974 7.181665 8.193268 12.759322 5.890684 5.595404 5.831792
-1.000000 -1.000000 -1.000000 -1.000000 -1.000000 -1.000000 -1.000000 -1.000000 -1.000000 -1.000000 -1.000000 -1.000000 -1.000000 -1.000000 -1.000000 -1.000000 -1.000000 -1.000000 -1.000000 5.389909 7.181665 7.398338 9.297528 7.092920 8.097957 5.519418 5.708361 6.223827 9.195251 5.331066 5.138643 5.079753 6.635124 7.112725 6.593930 6.141947 5.706630 5.569427 6.178368 5.996043 5.471788 5.554209 6.113824 6.247359 8.663268 7.276974 6.893983 7.905584 8.480949 15.547445 7.276974 6.535042 6.524940 5.831792 5.795371 6.178368 6.237254 6.806977 11.797932 7.654271 7.723262
-1.000000 -1.000000 -1.000000 -1.000000 -1.000000 -1.000000 -1.000000 -1.000000 -1.000000 -1.000000 -1.000000 -1.000000 -1.000000 -1.000000 -1.000000 -1.000000 -1.000000 -1.000000 -1.000000 5.544109 6.370787 4.974392 6.746348 9.086386 8.663268 6.288551 4.808877 5.628319 6.617731 9.776604 5.248829 5.197535 6.444067 6.893983 8.075484 8.806374 9.543144 6.237308 7.094825 6.178368 6.053201 5.649470 6.401508 6.460403 6.806977 7.153551 6.014112 6.247356 7.328271 9.579559 15.147996 8.193367 6.283727 5.452428 6.668040 6.806972 6.178368 11.501374 8.134379 6.806973 6.806972
-1.000000 -1.000000 -1.000000 -1.000000 -1.000000 -1.000000 -1.000000 -1.000000 -1.000000 -1.000000 -1.000000 -1.000000 -1.000000 -1.000000 -1.000000 -1.000000 -1.000000 -1.000000 -1.000000 5.937154 5.750920 5.572229 6.766152 7.092924 9.446029 6.053201 4.956323 5.013481 5.102226 6.535042 9.569461 5.248829 5.275497 6.014112 5.677639 5.677639 5.628319 9.004260 18.996317 9.743815 6.746348 5.420680 8.009212 6.113824 6.689195 8.539845 7.441223 5.831792 7.178864 6.360687 8.193367 23.572819 14.749723 7.382649 5.554209 7.112725 6.488518 11.560563 7.335866 6.689190 5.795371
-1.000000 -1.000000 -1.000000 -1.000000 -1.000000 -1.000000 -1.000000 -1.000000 -1.000000 -1.000000 -1.000000 -1.000000 -1.000000 -1.000000 -1.000000 -1.000000 -1.000000 -1.000000 -1.000000 5.667540 6.444067 5.977694 7.459299 7.305964 12.575309 11.014644 8.696372 9.055491 9.782504 9.822510 9.860976 11.178946 10.515955 5.331110 5.360054 6.178368 5.831792 5.595429 5.452458 5.590580 10.554748 6.524940 5.519118 9.174097 6.583827 6.593930 9.291894 8.539845 6.342617 5.544109 5.628319 5.996100 7.015046 23.577284 9.069585 6.053201 7.441233 12.656158 5.841895 6.401508 6.097497
-1.000000 -1.000000 -1.000000 -1.000000 -1.000000 -1.000000 -1.000000 -1.000000 -1.000000 -1.000000 -1.000000 -1.000000 -1.000000 -1.000000 -1.000000 -1.000000 -1.000000 -1.000000 -1.000000 -1.000000 5.275497 6.097494 5.125215 6.178365 7.387164 5.996043 5.197535 6.014112 5.207638 5.058601 5.138643 7.469350 5.866027 20.427773 7.153551 6.342617 5.420680 5.197535 5.302896 5.262696 5.248829 9.808352 5.452428 8.645202 7.151813 5.590580 5.420680 5.248829 5.628319 6.113824 5.628319 5.519418 5.102226 14.421237 23.783838 7.788119 11.057724 7.153551 6.178368 11.758691 10.031549
-1.000000 -1.000000 -1.000000 -1.000000 -1.000000 -1.000000 -1.000000 -1.000000 -1.000000 -1.000000 -1.000000 -1.000000 -1.000000 -1.000000 -1.000000 -1.000000 -1.000000 -1.000000 -1.000000 -1.000000 -1.000000 -1.000000 -1.000000 -1.000000 -1.000000 -1.000000 -1.000000 6.247359 7.587131 7.053834 7.883064 4.722129 4.555682 6.488518 11.233451 10.957491 11.404108 11.872052 6.524940 5.197535 5.667540 6.053201 9.154680 10.650003 11.679637 12.560907 14.524784 13.779817 7.787803 13.884974 15.153199 7.035771 5.767252 13.211868 6.488773 23.902880 8.481191 5.841895 8.710525 5.595404 5.767252
-1.000000 -1.000000 -1.000000 -1.000000 -1.000000 -1.000000 -1.000000 -1.000000 -1.000000 -1.000000 -1.000000 -1.000000 -1.000000 -1.000000 -1.000000 -1.000000 -1.000000 -1.000000 -1.000000 -1.000000 -1.000000 -1.000000 -1.000000 -1.000000 -1.000000 -1.000000 -1.000000 -1.000000 4.879082 4.984494 4.916122 5.360054 5.248829 8.087857 5.831792 5.767252 5.890684 6.871515 11.569922 11.947082 7.153551 6.583827 6.360687 12.679651 14.649122 7.092920 6.247359 7.500124 15.142403 8.134370 7.970121 14.120187 13.912470 5.996043 6.940506 9.579938 23.820040 6.593930 9.733713 6.053273 5.225700
-1.000000 -1.000000 -1.000000 -1.000000 -1.000000 -1.000000 -1.000000 -1.000000 -1.000000 -1.000000 -1.000000 -1.000000 -1.000000 -1.000000 -1.000000 -1.000000 -1.000000 -1.000000 -1.000000 -1.000000 -1.000000 -1.000000 -1.000000 -1.000000 -1.000000 -1.000000 -1.000000 -1.000000 -1.000000 5.057775 5.890682 6.617731 6.414591 5.036267 9.265905 9.249318 9.068738 9.990676 5.900783 5.750920 12.218619 12.418637 11.434831 6.635124 6.283727 5.708361 5.937154 6.460403 13.386222 5.841895 5.360054 5.941977 5.996043 5.900783 7.483791 5.890684 6.401508 14.877257 15.580968 23.855286 7.439555
-1.000000 -1.000000 -1.000000 -1.000000 -1.000000 -1.000000 -1.000000 -1.000000 -1.000000 -1.000000 -1.000000 -1.000000 -1.000000 -1.000000 -1.000000 -1.000000 -1.000000 -1.000000 -1.000000 -1.000000 -1.000000 -1.000000 -1.000000 -1.000000 -1.000000 -1.000000 -1.000000 -1.000000 -1.000000 5.057775 5.916001 6.374110 7.053834 8.455285 6.694016 6.360687 7.706934 7.014614 6.113824 6.444067 8.704093 11.407750 5.275497 5.275497 5.750920 5.544109 5.667540 8.827517 14.988988 7.787806 6.806972 6.053201 5.519118 6.429629 5.667540 6.113824 10.633077 5.628319 6.746348 8.663472 23.945078
-1.000000 -1.000000 -1.000000 -1.000000 -1.000000 -1.000000 -1.000000 -1.000000 -1.000000 -1.000000 -1.000000 -1.000000 -1.000000 -1.000000 -1.000000 -1.000000 -1.000000 -1.000000 -1.000000 -1.000000 -1.000000 -1.000000 -1.000000 -1.000000 -1.000000 -1.000000 -1.000000 -1.000000 -1.000000 5.015214 6.024213 7.707761 8.385690 6.288551 5.043334 4.970308 4.843364 4.994595 5.360054 6.342617 9.955121 6.360687 5.767252 6.399773 6.247359 6.212265 7.874813 14.622034 6.053201 6.707260 6.558840 5.937154 5.649470 6.583831 6.940507 7.846698 10.788520 5.569427 5.262696 6.321466 6.940506
-1.000000 -1.000000 -1.000000 -1.000000 -1.000000 -1.000000 -1.000000 -1.000000 -1.000000 -1.000000 -1.000000 -1.000000 -1.000000 -1.000000 -1.000000 -1.000000 -1.000000 -1.000000 -1.000000 -1.000000 -1.000000 -1.000000 -1.000000 -1.000000 -1.000000 -1.000000 -1.000000 -1.000000 5.079753 6.360687 7.204842 5.815262 4.712028 4.843364 5.495318 5.471788 5.554209 6.212265 9.004198 9.440629 6.283727 5.708361 7.014614 7.094656 7.287077 5.519118 7.181758 21.931561 9.841991 5.248829 5.677639 5.706630 5.519418 5.360054 6.976874 11.089284 5.841895 5.105855 4.984494 5.341167 5.706630
-1.000000 -1.000000 -1.000000 -1.000000 -1.000000 -1.000000 -1.000000 -1.000000 -1.000000 -1.000000 -1.000000 -1.000000 -1.000000 -1.000000 -1.000000 -1.000000 -1.000000 -1.000000 -1.000000 -1.000000 -1.000000 -1.000000 -1.000000 -1.000000 -1.000000 -1.000000 -1.000000 -1.000000 -1.000000 5.028297 4.974392 5.197535 5.420680 7.128556 6.961124 8.139201 9.898019 9.192166 5.495318 6.617731 5.554209 6.188465 5.750920 6.940507 6.838722 8.886412 14.098269 6.113856 5.102226 9.178924 7.970121 5.996043 5.667540 6.668040 5.622072 6.178368 11.330129 5.302896 5.389909 6.583831 7.335866
-1.000000 -1.000000 -1.000000 -1.000000 -1.000000 -1.000000 -1.000000 -1.000000 -1.000000 -1.000000 -1.000000 -1.000000 -1.000000 -1.000000 -1.000000 -1.000000 -1.000000 -1.000000 -1.000000 -1.000000 -1.000000 -1.000000 -1.000000 -1.000000 -1.000000 -1.000000 -1.000000 -1.000000 -1.000000 -1.000000 5.590580 6.145576 6.835094 5.569427 4.974392 8.009214 5.452428 5.248829 5.544109 5.890684 5.941977 7.092920 6.014112 5.649470 5.015214 15.157278 6.488518 5.783002 5.058601 5.667540 19.239548 6.583980 5.667540 7.500119 7.741282 9.004318 19.868156 7.500369 5.708361 7.287077 6.054933
-1.000000 -1.000000 -1.000000 -1.000000 -1.000000 -1.000000 -1.000000 -1.000000 -1.000000 -1.000000 -1.000000 -1.000000 -1.000000 -1.000000 -1.000000 -1.000000 -1.000000 -1.000000 -1.000000 -1.000000 -1.000000 -1.000000 -1.000000 -1.000000 -1.000000 -1.000000 -1.000000 -1.000000 -1.000000 -1.000000 5.519118 5.968645 7.276978 7.345969 7.515337 5.996043 5.799000 5.706630 5.649470 5.831792 5.628319 6.635124 7.475131 5.452428 6.748082 11.656281 5.831790 4.984494 5.544109 5.628411 19.262020 6.689460 7.153551 6.835094 5.426328 6.401590 19.645012 8.599215 5.708361 6.940506 7.787806
-1.000000 -1.000000 -1.000000 -1.000000 -1.000000 -1.000000 -1.000000 -1.000000 -1.000000 -1.000000 -1.000000 -1.000000 -1.000000 -1.000000 -1.000000 -1.000000 -1.000000 -1.000000 -1.000000 -1.000000 -1.000000 -1.000000 -1.000000 -1.000000 -1.000000 -1.000000 -1.000000 -1.000000 -1.000000 -1.000000 5.452428 6.054935 5.275497 5.968645 7.574230 8.375592 8.355785 8.732266 8.692258 9.019948 8.865265 5.890684 6.488518 8.567960 12.932924 5.452428 5.207638 5.448800 5.331066 6.881727 10.159735 6.689190 5.628319 5.519118 5.595404 7.574808 9.454514 7.181665 5.795371 6.444067 7.276980
-1.000000 -1.000000 -1.000000 -1.000000 -1.000000 -1.000000 -1.000000 -1.000000 -1.000000 -1.000000 -1.000000 -1.000000 -1.000000 -1.000000 -1.000000 -1.000000 -1.000000 -1.000000 -1.000000 -1.000000 -1.000000 -1.000000 -1.000000 -1.000000 -1.000000 -1.000000 -1.000000 -1.000000 -1.000000 -1.000000 5.222854 6.178365 6.766152 6.955721 5.495318 5.036267 6.635124 7.112725 6.014112 5.708361 6.444067 9.387139 5.795371 7.623548 12.673445 6.940507 5.057775 6.247359 7.587131 9.172362 7.200017 5.426328 5.544109 6.321466 8.000843 5.197535 10.644270 5.941977 5.248829 6.401508 8.357523
-1.000000 -1.000000 -1.000000 -1.000000 -1.000000 -1.000000 -1.000000 -1.000000 -1.000000 -1.000000 -1.000000 -1.000000 -1.000000 -1.000000 -1.000000 -1.000000 -1.000000 -1.000000 -1.000000 -1.000000 -1.000000 -1.000000 -1.000000 -1.000000 -1.000000 -1.000000 -1.000000 -1.000000 -1.000000 -1.000000 5.102226 6.652822 6.940504 7.360358 7.459299 8.039117 9.137732 8.937709 9.620384 9.653671 9.257979 9.343174 10.004444 15.076567 6.871515 5.994310 5.013481 6.141947 6.964305 7.696830 6.460400 7.035764 5.495318 5.244005 6.458666 5.222854 9.746614 5.974893 5.485218 6.342617 7.196109
-1.000000 -1.000000 -1.000000 -1.000000 -1.000000 -1.000000 -1.000000 -1.000000 -1.000000 -1.000000 -1.000000 -1.000000 -1.000000 -1.000000 -1.000000 -1.000000 -1.000000 -1.000000 -1.000000 -1.000000 -1.000000 -1.000000 -1.000000 -1.000000 -1.000000 -1.000000 -1.000000 -1.000000 -1.000000 -1.000000 5.301163 5.302896 5.968645 6.689192 8.176938 6.141947 5.519418 5.519418 5.900783 5.706630 5.590580 6.746348 10.750863 11.326471 5.569427 5.074105 5.767252 6.835094 5.841895 7.542679 5.452428 5.941977 5.320965 6.054935 6.113827 6.668040 8.739810 5.706630 5.519118 6.835094 8.257809
-1.000000 -1.000000 -1.000000 -1.000000 -1.000000 -1.000000 -1.000000 -1.000000 -1.000000 -1.000000 -1.000000 -1.000000 -1.000000 -1.000000 -1.000000 -1.000000 -1.000000 -1.000000 -1.000000 -1.000000 -1.000000 -1.000000 -1.000000 -1.000000 -1.000000 -1.000000 -1.000000 -1.000000 -1.000000 -1.000000 5.420680 5.996043 6.488521 7.185294 5.495318 4.994595 6.694016 5.495318 5.544109 5.554209 8.426884 10.967593 7.094656 11.589325 9.036278 5.795371 6.014112 8.981681 5.941977 6.617731 5.883084 4.954590 5.189937 5.089855 5.172546 6.748083 8.306597 5.222854 6.247356 8.470850 7.335866
-1.000000 -1.000000 -1.000000 -1.000000 -1.000000 -1.000000 -1.000000 -1.000000 -1.000000 -1.000000 -1.000000 -1.000000 -1.000000 -1.000000 -1.000000 -1.000000 -1.000000 -1.000000 -1.000000 -1.000000 -1.000000 -1.000000 -1.000000 -1.000000 -1.000000 -1.000000 -1.000000 -1.000000 -1.000000 -1.000000 5.197535 6.178366 7.276978 9.867258 8.485776 5.341167 4.696760 7.317799 7.999111 8.791155 9.854677 5.302896 5.331066 11.504855 6.188465 9.879617 9.378890 7.244187 7.287077 5.420680 4.970308 4.998882 5.275497 5.865990 6.547412 7.993299 6.053201 5.102226 6.905712 6.429629 5.554209
-1.000000 -1.000000 -1.000000 -1.000000 -1.000000 -1.000000 -1.000000 -1.000000 -1.000000 -1.000000 -1.000000 -1.000000 -1.000000 -1.000000 -1.000000 -1.000000 -1.000000 -1.000000 -1.000000 -1.000000 -1.000000 -1.000000 -1.000000 -1.000000 -1.000000 -1.000000 -1.000000 -1.000000 -1.000000 -1.000000 5.595404 5.122115 5.155452 5.485218 5.452428 8.148815 7.345970 8.273311 9.945021 11.797941 5.389909 5.750920 8.539845 13.029564 6.535042 5.519118 6.617731 5.262696 7.441230 7.035764 6.053201 5.890684 5.275497 6.024213 6.776252 7.431128 5.148745 5.883084 5.622072 5.569427 5.452428
-1.000000 -1.000000 -1.000000 -1.000000 -1.000000 -1.000000 -1.000000 -1.000000 -1.000000 -1.000000 -1.000000 -1.000000 -1.000000 -1.000000 -1.000000 -1.000000 -1.000000 -1.000000 -1.000000 -1.000000 -1.000000 -1.000000 -1.000000 -1.000000 -1.000000 -1.000000 -1.000000 -1.000000 -1.000000 -1.000000 5.341167 5.302896 6.083056 6.726932 7.137215 7.128856 4.727533 9.792602 5.471788 5.197535 5.595404 5.750920 9.580512 21.086569 5.302924 5.471788 5.197535 5.189937 6.321466 6.524940 5.865693 5.554209 5.360054 6.283727 8.539839 5.941977 5.320965 4.696760 6.444067 6.766152 8.806374
-1.000000 -1.000000 -1.000000 -1.000000 -1.000000 -1.000000 -1.000000 -1.000000 -1.000000 -1.000000 -1.000000 -1.000000 -1.000000 -1.000000 -1.000000 -1.000000 -1.000000 -1.000000 -1.000000 -1.000000 -1.000000 -1.000000 -1.000000 -1.000000 -1.000000 -1.000000 -1.000000 -1.000000 -1.000000 -1.000000 5.244005 6.054935 5.262696 5.244005 5.389909 6.083056 8.870083 5.197535 5.320965 5.471788 5.708361 8.887223 20.921307 7.094740 7.728938 7.345969 6.766152 5.331066 5.750920 5.996043 5.382841 5.941977 5.519118 6.178368 6.401508 5.865693 5.125215 5.667540 7.276978 7.883064 5.706630
-1.000000 -1.000000 -1.000000 -1.000000 -1.000000 -1.000000 -1.000000 -1.000000 -1.000000 -1.000000 -1.000000 -1.000000 -1.000000 -1.000000 -1.000000 -1.000000 -1.000000 -1.000000 -1.000000 -1.000000 -1.000000 -1.000000 -1.000000 -1.000000 -1.000000 -1.000000 -1.000000 -1.000000 -1.000000 -1.000000 5.831792 6.429629 6.806973 7.128556 8.991776 9.232990 5.452428 5.058601 5.275497 6.689192 9.109551 12.830906 9.109764 7.811686 5.341167 5.244005 6.119475 5.677639 5.799000 5.485218 5.036267 10.495867 9.222884 11.084590 18.258718 5.554246 5.225656 4.637869 5.225656 5.485218 6.262574
