youshuijie_90m_distance000.txt
ncols	397
nrows	573
xllcenter	728069.046453
yllcenter	3685908.581430
cellsize	84.8183
nodata_value	-1.000000
[rows 432 to 455 of 573, columns 165 to 219 of 397]
35210.793430 35415.562920 35500.381220 35585.199520 33543.532469 33508.399579 32844.405698 32759.587398 32604.503318 32519.685018 32434.866718 32350.048418 32314.915528 32350.048418 31905.376547 31820.558247 31785.425357 31580.655867 31495.837567 31411.019267 31375.886377 31460.704677 31545.522977 31340.753486 31375.886377 31022.060657 31106.878957 30951.794877 30916.661986 30182.402326 30147.269435 30062.451135 30027.318245 29942.499945 29977.632835 29942.499945 29977.632835 29363.324365 29278.506065 29243.373175 29208.240284 29073.736575 29038.603684 28953.785384 28988.918275 29073.736575 29158.554875 28444.875584 28360.057284 28324.924394 28409.742694 28204.973204 28169.840314 28085.022014 28169.840314
35295.611730 35380.430030 35465.248330 35550.066630 33388.448388 33423.581279 32809.272808 32724.454508 32639.636208 32554.817908 32519.685018 32434.866718 32399.733828 32434.866718 31940.509437 31905.376547 31700.607057 31665.474167 31580.655867 31375.886377 31291.068077 31375.886377 31460.704677 31255.935186 30902.109467 30866.976577 30831.843686 30796.710796 30831.843686 30796.710796 30062.451135 30027.318245 29942.499945 29857.681645 29892.814535 29857.681645 29822.548755 29617.779265 29193.687765 29158.554875 29123.421984 28988.918275 28953.785384 28868.967084 28904.099975 28939.232865 28713.883004 28409.742694 28324.924394 28240.106094 28324.924394 28120.154904 28085.022014 28000.203714 28085.022014
35500.381220 35585.199520 35670.017820 33338.762979 33303.630088 33268.497198 32844.405698 32759.587398 32674.769098 32639.636208 32604.503318 32519.685018 32484.552128 32519.685018 32025.327737 31820.558247 31785.425357 31750.292467 31665.474167 31291.068077 31206.249777 31171.116886 31206.249777 31171.116886 30866.976577 30782.158277 30747.025386 30711.892496 30676.759606 30711.892496 29977.632835 29942.499945 29857.681645 29772.863345 29737.730455 29772.863345 29737.730455 29532.960965 29158.554875 29073.736575 29038.603684 28904.099975 28868.967084 28784.148784 28819.281675 28784.148784 28629.064704 28544.246404 28459.428104 28155.287794 28070.469494 28085.022014 28000.203714 27915.385414 28000.203714
35535.514110 35620.332410 35705.150710 33303.630088 33218.811788 33183.678898 32978.909408 32894.091108 32809.272808 32724.454508 32809.272808 32894.091108 32978.909408 32604.503318 31940.509437 31905.376547 31870.243657 31785.425357 31411.019267 31326.200967 31171.116886 31086.298586 31051.165696 30966.347396 30831.843686 30747.025386 30662.207086 30627.074196 30591.941306 30676.759606 29942.499945 29857.681645 29772.863345 29688.045045 29652.912155 29688.045045 29652.912155 29448.142665 29363.324365 29038.603684 28953.785384 28868.967084 28784.148784 28699.330484 28664.197594 28579.379294 28544.246404 28459.428104 28374.609804 28289.791504 28035.336604 27950.518304 27915.385414 27830.567114 27795.434224
35570.647000 35655.465300 35740.283600 33268.497198 33183.678898 33098.860598 33014.042298 32929.223998 32894.091108 32809.272808 32894.091108 32929.223998 33014.042298 32159.831447 32075.013147 31990.194847 31955.061957 31390.438896 31305.620596 31220.802296 31135.983996 31051.165696 30966.347396 30881.529096 30796.710796 30711.892496 30627.074196 30542.255896 30507.123006 30591.941306 29907.367055 29822.548755 29737.730455 29652.912155 29568.093855 29532.960965 29448.142665 29363.324365 29278.506065 29073.736575 28988.918275 28953.785384 28868.967084 28664.197594 28579.379294 28494.560994 28459.428104 28374.609804 28289.791504 28204.973204 28120.154904 27915.385414 27830.567114 27745.748814 27710.615924
35605.779890 35690.598190 35775.416490 33303.630088 33218.811788 33133.993488 33049.175188 33014.042298 32929.223998 32894.091108 32978.909408 33014.042298 33098.860598 32194.964337 32110.146037 32075.013147 31510.390086 31425.571786 31340.753486 31255.935186 31171.116886 31016.032806 30931.214506 30846.396206 30761.577906 30676.759606 30591.941306 30507.123006 30422.304706 30387.171816 29942.499945 29857.681645 29772.863345 29688.045045 29532.960965 29448.142665 29363.324365 29278.506065 29193.687765 29108.869465 29073.736575 29158.554875 28784.148784 28749.015894 28664.197594 28459.428104 28374.609804 28289.791504 28204.973204 28120.154904 28035.336604 27950.518304 27915.385414 27710.615924 27625.797624
35640.912781 35725.731081 35810.549381 33338.762979 33253.944679 33169.126379 33133.993488 33098.860598 33183.678898 32978.909408 33063.727708 33098.860598 33183.678898 31870.243657 31835.110767 31630.341277 31545.522977 31460.704677 31305.620596 31220.802296 31135.983996 31051.165696 30966.347396 30931.214506 30846.396206 30761.577906 30676.759606 30591.941306 30387.171816 30302.353516 29977.632835 29892.814535 29807.996235 29772.863345 29617.779265 29532.960965 29448.142665 29363.324365 29278.506065 29193.687765 29158.554875 29193.687765 29278.506065 28784.148784 28579.379294 28494.560994 28459.428104 28374.609804 28289.791504 28204.973204 28120.154904 28035.336604 28000.203714 27675.483033 27590.664733
35725.731081 35760.863971 33558.084988 33473.266688 33388.448388 33303.630088 33218.811788 33183.678898 33218.811788 33183.678898 33148.546008 33183.678898 31919.929067 31835.110767 31750.292467 31595.208386 31510.390086 31425.571786 31340.753486 31255.935186 31171.116886 31086.298586 31051.165696 31086.298586 30931.214506 30846.396206 30761.577906 30846.396206 30302.353516 30217.535216 30132.716916 29977.632835 29892.814535 29977.632835 29892.814535 29617.779265 29532.960965 29448.142665 29363.324365 29278.506065 29243.373175 29278.506065 29363.324365 28699.330484 28614.512184 28579.379294 28614.512184 28459.428104 28324.924394 28289.791504 28204.973204 28120.154904 28085.022014 27710.615924 27675.483033
35810.549381 33678.036179 33593.217879 33508.399579 33423.581279 33388.448388 33303.630088 33268.497198 33303.630088 33268.497198 33233.364308 33268.497198 31884.796177 31799.977877 31715.159577 31630.341277 31545.522977 31460.704677 31375.886377 31340.753486 31206.249777 31171.116886 31326.200967 31171.116886 31086.298586 30931.214506 30846.396206 30931.214506 30267.220626 30182.402326 30097.584026 30012.765726 29977.632835 30062.451135 30097.584026 29702.597565 29617.779265 29532.960965 29448.142665 29363.324365 29398.457255 29483.275555 29448.142665 28734.463375 28699.330484 28664.197594 28699.330484 28734.463375 28409.742694 28374.609804 28409.742694 28324.924394 27830.567114 27795.434224 27760.301333
35845.682271 33713.169069 33628.350769 33593.217879 33508.399579 33473.266688 33388.448388 33353.315498 33388.448388 33423.581279 33318.182608 33353.315498 31919.929067 31835.110767 31750.292467 31715.159577 31630.341277 31545.522977 31460.704677 31665.474167 31630.341277 31545.522977 31291.068077 31206.249777 31051.165696 30966.347396 30931.214506 31016.032806 30422.304706 30337.486406 30182.402326 30097.584026 30182.402326 30267.220626 30352.038926 29737.730455 29702.597565 29617.779265 29532.960965 29448.142665 29483.275555 29568.093855 28854.414565 28819.281675 28784.148784 28749.015894 28784.148784 28819.281675 28494.560994 28459.428104 28494.560994 28529.693884 28614.512184 27880.252524 27795.434224
35930.500571 33748.301959 33713.169069 33678.036179 33593.217879 33508.399579 33473.266688 33438.133798 33473.266688 32759.587398 32724.454508 32689.321618 32434.866718 32399.733828 32145.278928 32110.146037 32075.013147 32039.880257 31785.425357 31580.655867 31545.522977 31460.704677 31375.886377 31171.116886 31086.298586 31051.165696 31016.032806 31051.165696 30387.171816 30302.353516 30217.535216 30182.402326 30267.220626 30302.353516 30387.171816 30471.990116 30556.808416 29702.597565 29617.779265 29532.960965 29568.093855 29652.912155 29857.681645 28904.099975 28868.967084 28833.834194 28868.967084 28614.512184 28579.379294 28544.246404 28579.379294 28614.512184 28649.645075 27915.385414 27880.252524
35965.633461 33833.120259 33797.987369 33713.169069 33678.036179 33642.903288 33558.084988 33473.266688 32809.272808 32724.454508 32639.636208 32604.503318 32569.370428 32314.915528 32279.782637 32025.327737 31990.194847 31955.061957 31700.607057 31545.522977 31460.704677 31375.886377 31291.068077 31206.249777 31171.116886 31135.983996 31171.116886 31135.983996 30422.304706 30337.486406 30302.353516 30267.220626 30302.353516 30387.171816 30471.990116 30556.808416 30641.626716 29907.367055 29822.548755 29737.730455 29652.912155 29737.730455 29822.548755 28988.918275 28953.785384 28918.652494 28953.785384 28699.330484 28664.197594 28629.064704 28664.197594 28699.330484 28734.463375 28000.203714 27965.070824
36679.312751 33847.672779 33762.854479 33678.036179 33593.217879 33558.084988 33473.266688 33388.448388 33353.315498 32689.321618 32604.503318 32519.685018 32484.552128 32230.097228 32194.964337 32159.831447 31905.376547 31870.243657 31785.425357 31580.655867 31495.837567 31460.704677 31375.886377 31291.068077 31255.935186 31291.068077 31255.935186 31291.068077 30457.437596 30422.304706 30387.171816 30352.038926 30387.171816 30471.990116 30556.808416 30641.626716 30077.003655 29992.185355 29907.367055 29822.548755 29737.730455 29822.548755 29907.367055 30112.136545 30267.220626 29003.470794 29038.603684 28784.148784 28749.015894 28713.883004 28819.281675 28784.148784 28819.281675 28854.414565 28049.889124
33777.406998 33742.274108 33558.084988 33423.581279 33558.084988 33473.266688 33388.448388 33303.630088 33268.497198 32604.503318 32519.685018 32484.552128 32399.733828 32194.964337 32110.146037 32075.013147 31870.243657 31785.425357 31700.607057 31615.788757 31580.655867 31665.474167 31460.704677 31375.886377 31340.753486 31375.886377 31411.019267 31495.837567 31580.655867 30507.123006 30471.990116 30436.857226 30471.990116 30507.123006 30591.941306 30676.759606 30112.136545 30027.318245 29942.499945 29907.367055 29822.548755 29907.367055 29992.185355 30147.269435 30232.087735 30316.906035 30401.724335 28868.967084 28833.834194 28798.701304 28904.099975 28868.967084 28904.099975 28939.232865 28974.365755
33692.588698 33657.455808 33473.266688 33438.133798 33303.630088 33268.497198 33233.364308 33148.546008 33183.678898 32569.370428 32484.552128 32399.733828 32364.600937 32279.782637 32075.013147 31990.194847 31905.376547 31820.558247 31785.425357 31700.607057 31665.474167 31750.292467 31495.837567 31460.704677 31495.837567 31460.704677 31495.837567 31530.970457 31615.788757 31700.607057 31785.425357 30641.626716 30556.808416 30591.941306 30627.074196 30711.892496 30147.269435 30062.451135 30027.318245 29942.499945 29907.367055 29942.499945 30027.318245 30112.136545 30196.954845 30281.773145 30676.759606 28953.785384 28988.918275 29073.736575 28988.918275 28953.785384 28988.918275 29024.051165 28289.791504
33607.770398 33572.637508 33487.819208 33353.315498 33318.182608 33183.678898 33148.546008 33063.727708 33028.594818 32604.503318 32569.370428 32364.600937 32279.782637 32194.964337 32110.146037 32075.013147 31990.194847 31905.376547 31870.243657 31785.425357 31750.292467 31835.110767 31580.655867 31545.522977 31580.655867 31665.474167 31650.921647 31615.788757 31650.921647 31735.739947 31820.558247 30676.759606 30641.626716 30676.759606 30761.577906 30846.396206 30281.773145 30196.954845 30112.136545 30027.318245 30112.136545 30027.318245 30062.451135 30147.269435 30352.038926 30556.808416 30761.577906 30846.396206 30881.529096 29108.869465 29073.736575 29108.869465 29193.687765 28409.742694 28324.924394
33522.952098 33487.819208 33403.000908 33367.868018 33233.364308 33198.231418 33063.727708 32978.909408 32943.776518 32858.958218 32534.237537 32449.419237 32364.600937 32279.782637 32194.964337 32279.782637 32364.600937 31990.194847 31905.376547 31870.243657 31835.110767 31870.243657 31955.061957 31630.341277 31665.474167 31700.607057 31735.739947 31700.607057 31735.739947 31770.872837 31855.691137 30761.577906 30726.445016 30761.577906 30796.710796 30881.529096 30316.906035 30232.087735 30147.269435 30112.136545 30147.269435 30112.136545 30147.269435 30232.087735 30436.857226 30591.941306 30676.759606 30761.577906 30846.396206 30931.214506 31016.032806 29193.687765 29278.506065 28494.560994 28459.428104
33487.819208 33403.000908 33318.182608 33283.049718 33148.546008 33113.413118 32978.909408 32894.091108 32858.958218 32774.139918 32569.370428 32484.552128 32399.733828 32364.600937 32279.782637 32314.915528 32399.733828 32484.552128 31990.194847 31955.061957 31919.929067 31955.061957 32039.880257 31715.159577 31750.292467 31785.425357 31820.558247 31855.691137 31820.558247 31855.691137 31890.824028 30846.396206 30811.263316 30846.396206 30881.529096 30916.661986 30352.038926 30267.220626 30232.087735 30486.542635 30401.724335 30316.906035 30232.087735 30316.906035 30471.990116 30556.808416 30641.626716 30726.445016 30811.263316 30896.081616 30980.899916 31065.718216 31150.536516 28579.379294 28494.560994
33452.686318 33367.868018 33283.049718 33198.231418 33113.413118 33028.594818 32943.776518 32858.958218 32774.139918 32689.321618 32604.503318 32519.685018 32484.552128 32519.685018 32364.600937 32399.733828 32434.866718 32569.370428 32174.383967 32089.565667 32004.747367 32089.565667 32174.383967 32329.468047 31835.110767 31870.243657 31905.376547 31940.509437 31905.376547 31940.509437 31975.642328 32010.775218 30896.081616 30931.214506 30966.347396 30471.990116 30387.171816 30352.038926 30656.179235 30571.360935 30486.542635 30401.724335 30316.906035 30352.038926 30436.857226 30641.626716 30796.710796 30881.529096 31036.613177 31121.431477 31206.249777 31411.019267 31495.837567 28614.512184 28529.693884
33487.819208 33403.000908 33318.182608 33283.049718 33148.546008 33063.727708 32978.909408 32894.091108 32858.958218 32724.454508 32639.636208 32604.503318 32639.636208 32604.503318 32639.636208 32484.552128 32519.685018 32654.188728 32209.516857 32124.698557 32089.565667 32124.698557 32209.516857 32294.335157 31919.929067 32004.747367 32089.565667 32025.327737 32060.460628 32025.327737 32060.460628 32095.593518 32180.411818 31016.032806 31051.165696 30507.123006 30471.990116 30776.130426 30691.312126 30606.493826 30521.675526 30436.857226 30401.724335 30436.857226 30521.675526 30676.759606 30761.577906 30916.661986 31001.480286 31086.298586 31291.068077 31375.886377 31460.704677 31545.522977 28614.512184
33522.952098 33487.819208 33403.000908 33268.497198 33183.678898 33148.546008 33014.042298 32978.909408 32943.776518 32809.272808 32724.454508 32689.321618 32724.454508 32759.587398 32724.454508 32759.587398 32604.503318 32329.468047 32244.649747 32209.516857 32294.335157 32209.516857 32294.335157 32379.153457 32004.747367 32089.565667 32124.698557 32209.516857 32294.335157 32180.411818 32145.278928 32180.411818 32215.544708 31100.851106 31135.983996 30980.899916 30896.081616 30811.263316 30726.445016 30641.626716 30556.808416 30521.675526 30556.808416 30521.675526 30556.808416 30641.626716 30796.710796 30881.529096 30966.347396 31171.116886 31255.935186 31340.753486 31425.571786 31510.390086 28649.645075
33607.770398 33522.952098 33388.448388 33303.630088 33268.497198 33133.993488 33098.860598 33063.727708 32929.223998 32844.405698 32809.272808 32844.405698 32929.223998 32844.405698 32879.538588 32964.356888 32879.538588 32364.600937 32329.468047 32414.286347 32329.468047 32294.335157 32329.468047 32414.286347 32499.104647 32174.383967 32209.516857 32244.649747 32329.468047 32265.230118 32300.363008 32265.230118 32350.048418 32434.866718 31100.851106 31016.032806 30931.214506 30846.396206 30761.577906 30676.759606 30641.626716 30676.759606 30641.626716 30726.445016 30641.626716 30676.759606 30761.577906 30846.396206 31051.165696 31135.983996 31220.802296 31305.620596 31390.438896 31475.257196 31560.075496
33692.588698 33607.770398 33473.266688 33388.448388 33253.944679 33218.811788 33183.678898 33098.860598 33014.042298 32929.223998 32894.091108 32929.223998 32964.356888 33049.175188 32964.356888 32999.489779 33084.308079 33169.126379 32534.237537 32449.419237 32414.286347 32379.153457 32414.286347 32499.104647 32654.188728 32739.007028 32294.335157 32329.468047 32364.600937 32420.314198 32385.181308 32350.048418 32385.181308 32469.999608 31644.893796 31051.165696 30966.347396 30881.529096 30846.396206 30761.577906 31135.983996 31051.165696 30896.081616 30811.263316 30726.445016 30761.577906 30846.396206 30931.214506 31016.032806 31171.116886 31255.935186 31340.753486 31425.571786 31510.390086 31595.208386
33777.406998 33593.217879 33508.399579 33373.895869 33338.762979 33303.630088 33218.811788 33133.993488 33049.175188 33014.042298 32978.909408 33014.042298 33049.175188 33084.308079 33169.126379 33084.308079 33169.126379 33204.259269 32569.370428 32534.237537 32499.104647 32463.971757 32499.104647 32534.237537 32619.055837 32774.139918 32858.958218 32414.286347 32449.419237 32505.132498 32469.999608 32434.866718 32469.999608 32505.132498 31609.760906 31524.942606 31440.124306 31355.306006 31270.487706 31185.669406 31100.851106 31016.032806 30931.214506 30846.396206 30811.263316 30846.396206 30881.529096 30966.347396 31051.165696 31135.983996 31220.802296 31375.886377 31460.704677 31545.522977 31630.341277
