youshuijie_90m_distance000.txt
ncols	397
nrows	573
xllcenter	728069.046453
yllcenter	3685908.581430
cellsize	84.8183
nodata_value	-1.000000
[rows 168 to 191 of 573, columns 165 to 219 of 397]
61724.394269 61759.527159 61844.345459 61929.163759 61964.296649 62049.114949 62133.933249 62727.661349 62762.794240 62797.927130 63222.018630 63137.200330 63052.382030 62967.563730 62882.745430 62847.612540 62882.745430 62917.878320 63002.696620 63087.514920 63412.235600 63447.368491 63412.235600 63447.368491 63482.501381 63567.319681 63772.089171 63856.907471 63941.725771 64026.544071 58290.501528 58205.683228 58170.550338 58135.417447 58050.599147 58015.466257 57761.011357 57676.193057 57591.374757 57506.556457 57301.786967 57216.968667 57132.150367 56977.066287 56892.247987 56857.115096 56652.345606 56567.527306 56412.443226 56327.624926 56242.806626 56157.988326 56073.170026 55988.351726 55903.533426
61639.575969 61674.708859 61759.527159 61844.345459 61929.163759 62013.982059 62169.066140 62253.884440 62508.339340 63222.018630 63137.200330 63052.382030 62967.563730 62882.745430 62847.612540 62762.794240 62797.927130 62882.745430 62967.563730 63052.382030 63327.417300 63292.284410 63327.417300 63362.550191 63447.368491 63532.186791 63856.907471 63892.040361 63976.858661 58340.186938 58255.368638 58170.550338 58085.732038 58050.599147 57965.780847 57930.647957 57895.515067 57810.696767 57556.241867 57421.738157 57386.605267 57181.835777 57097.017477 57012.199177 56857.115096 56772.296796 56617.212716 56532.394416 56447.576116 56362.757816 56277.939516 56193.121216 56108.302916 56073.170026 55938.666316
61554.757669 61589.890559 61674.708859 61759.527159 61844.345459 61660.156340 61744.974640 62049.114949 62423.521040 62388.388149 62353.255259 62388.388149 62423.521040 62847.612540 62762.794240 62677.975940 62762.794240 62847.612540 62932.430840 63017.249140 63242.599000 63207.466110 63242.599000 63327.417300 63412.235600 63497.053900 63581.872200 63617.005091 58389.872347 58305.054047 58220.235747 58135.417447 58050.599147 57965.780847 57880.962547 57845.829657 57810.696767 57725.878467 57570.794387 57436.290677 57301.786967 57146.702887 57061.884587 57026.751696 56892.247987 56737.163906 56652.345606 56567.527306 56532.394416 56447.576116 56313.072406 56228.254106 56143.435806 56058.617506 55973.799206
61469.939369 61554.757669 61639.575969 61505.072259 61540.205149 61625.023449 61929.163759 61964.296649 62338.702740 62303.569849 62268.436959 62303.569849 62338.702740 62882.745430 62677.975940 62593.157640 62628.290530 62713.108830 62797.927130 63122.647810 63087.514920 63122.647810 63207.466110 63292.284410 63377.102710 63461.921010 63497.053900 63532.186791 58354.739457 58269.921157 58185.102857 58100.284557 58015.466257 57930.647957 57845.829657 57761.011357 57725.878467 57641.060167 57485.976087 57351.472377 57316.339487 57181.835777 57026.751696 56941.933396 56857.115096 56772.296796 56737.163906 56652.345606 56687.478496 56433.023596 56348.205296 56313.072406 56228.254106 56143.435806 56058.617506
61385.121069 61349.988179 61385.121069 61420.253959 61505.072259 61759.527159 61844.345459 61879.478349 62253.884440 62218.751549 62183.618659 62218.751549 62303.569849 62578.605120 62593.157640 62508.339340 62593.157640 62677.975940 62762.794240 63087.514920 63002.696620 63087.514920 63172.333220 63257.151520 63341.969820 63377.102710 63412.235600 63596.424720 63631.557610 58305.054047 58220.235747 58065.151667 57980.333367 57895.515067 57810.696767 57725.878467 57641.060167 57556.241867 57401.157787 57316.339487 57231.521187 57146.702887 57061.884587 56977.066287 56892.247987 56857.115096 56821.982206 56857.115096 56552.974787 56468.156487 56433.023596 56397.890706 56313.072406 56228.254106 56143.435806
61230.036989 61265.169879 61300.302769 61385.121069 61639.575969 61724.394269 61759.527159 61794.660049 62049.114949 62133.933249 62098.800359 62183.618659 62218.751549 62423.521040 62458.653930 62423.521040 62458.653930 62543.472230 62917.878320 62882.745430 62917.878320 62953.011210 63037.829510 63122.647810 63207.466110 63292.284410 63377.102710 63511.606420 63546.739310 58340.186938 58185.102857 58100.284557 58015.466257 57930.647957 57845.829657 57690.745577 57605.927277 57521.108977 57436.290677 57351.472377 57266.654077 57181.835777 57146.702887 57061.884587 56977.066287 56941.933396 56906.800506 56941.933396 56637.793087 56552.974787 56517.841896 56482.709006 56397.890706 56313.072406 56228.254106
61145.218689 61180.351579 61265.169879 61469.939369 61554.757669 61639.575969 61674.708859 61759.527159 61844.345459 61929.163759 62013.982059 62098.800359 62183.618659 62268.436959 62303.569849 62338.702740 62423.521040 62508.339340 62762.794240 62797.927130 62833.060020 62917.878320 63002.696620 63087.514920 63172.333220 63257.151520 63341.969820 63426.788120 63511.606420 58305.054047 58220.235747 58135.417447 58050.599147 57965.780847 57930.647957 57725.878467 57690.745577 57556.241867 57521.108977 57436.290677 57351.472377 57266.654077 57231.521187 57266.654077 57111.569996 57026.751696 56991.618806 57026.751696 56722.611387 56637.793087 56602.660196 56517.841896 56482.709006 56397.890706 56263.386996
61060.400389 61145.218689 61180.351579 61385.121069 61469.939369 61554.757669 61589.890559 61674.708859 61759.527159 61844.345459 61929.163759 62013.982059 62098.800359 62183.618659 62218.751549 62303.569849 62388.388149 62593.157640 62677.975940 62713.108830 62797.927130 62882.745430 62967.563730 63052.382030 63137.200330 63222.018630 63306.836930 63391.655230 63476.473530 58340.186938 58255.368638 58170.550338 58135.417447 58050.599147 58015.466257 57810.696767 57775.563877 57641.060167 57556.241867 57521.108977 57436.290677 57351.472377 57316.339487 57231.521187 57196.388296 57111.569996 57076.437106 57111.569996 56807.429687 56722.611387 56637.793087 56602.660196 56567.527306 56482.709006 56348.205296
60975.582089 61060.400389 61215.484469 61300.302769 61385.121069 61469.939369 61505.072259 61589.890559 61674.708859 61759.527159 61844.345459 61929.163759 62013.982059 62098.800359 62183.618659 62268.436959 62353.255259 62508.339340 62593.157640 62677.975940 62762.794240 62847.612540 62932.430840 63017.249140 63102.067440 63186.885740 63271.704040 63567.319681 63652.137981 63786.641691 63821.774581 63906.592881 58220.235747 58135.417447 58100.284557 57895.515067 57761.011357 57676.193057 57641.060167 57605.927277 57471.423567 57436.290677 57401.157787 57316.339487 57231.521187 57196.388296 57161.255406 57196.388296 56892.247987 56927.380877 56722.611387 56687.478496 56652.345606 56567.527306 56383.338187
60890.763789 60975.582089 61130.666169 61215.484469 61300.302769 61385.121069 61469.939369 61554.757669 61639.575969 61724.394269 61929.163759 62013.982059 62049.114949 62183.618659 62218.751549 62303.569849 62388.388149 62473.206449 62558.024749 62642.843049 62727.661349 62812.479649 62967.563730 63052.382030 63377.102710 63412.235600 63447.368491 63532.186791 63617.005091 63701.823391 63786.641691 63871.459991 63956.278291 58220.235747 58255.368638 58340.186938 57845.829657 57761.011357 57725.878467 57690.745577 57556.241867 57521.108977 57436.290677 57351.472377 57316.339487 57281.206596 57246.073706 57281.206596 56977.066287 57012.199177 56807.429687 56772.296796 56737.163906 56552.974787 56468.156487
60855.630898 61010.714979 61095.533279 61300.302769 61385.121069 61469.939369 61505.072259 61639.575969 61674.708859 61759.527159 61844.345459 62098.800359 62133.933249 62268.436959 62303.569849 62388.388149 62423.521040 62508.339340 62593.157640 62677.975940 62762.794240 62917.878320 63122.647810 63257.151520 63292.284410 63327.417300 63412.235600 63497.053900 63581.872200 63666.690500 63751.508800 63836.327100 63921.145400 64005.963700 58340.186938 58425.005238 57880.962547 57845.829657 57880.962547 57725.878467 57641.060167 57556.241867 57471.423567 57436.290677 57401.157787 57366.024896 57330.892006 57366.024896 57401.157787 57097.017477 56892.247987 56757.744277 56672.925977 56588.107677 56503.289377
60650.861408 60685.994298 60770.812598 61385.121069 61469.939369 61554.757669 61589.890559 61724.394269 61759.527159 61794.660049 61879.478349 61964.296649 62119.380730 62353.255259 62388.388149 62473.206449 62508.339340 62543.472230 62628.290530 62713.108830 62797.927130 63002.696620 63087.514920 63172.333220 63207.466110 63292.284410 63377.102710 63461.921010 63546.739310 63631.557610 63716.375910 63801.194210 63886.012510 64041.096591 64125.914891 64210.733191 57965.780847 58000.913738 57965.780847 57810.696767 57676.193057 57641.060167 57655.612687 57570.794387 57485.976087 57450.843196 57415.710306 57450.843196 57485.976087 56962.513767 56877.695467 56792.877167 56708.058867 56623.240567 56588.107677
60566.043108 60601.175998 60685.994298 60770.812598 60855.630898 60940.449198 61025.267498 61809.212569 61844.345459 61879.478349 61914.611240 61999.429540 62084.247840 62169.066140 62473.206449 62628.290530 62593.157640 62628.290530 62713.108830 62748.241720 62833.060020 62917.878320 63002.696620 63087.514920 63172.333220 63257.151520 63341.969820 63426.788120 63511.606420 63596.424720 63681.243020 63836.327100 63921.145400 64005.963700 64090.782000 64175.600300 64330.684381 58085.732038 58050.599147 57895.515067 57761.011357 57775.563877 57690.745577 57605.927277 57570.794387 57605.927277 57690.745577 57775.563877 57860.382177 56997.646657 56912.828357 56828.010057 56743.191757 56708.058867 56672.925977
60481.224808 60566.043108 60650.861408 60735.679708 60940.449198 61025.267498 61060.400389 62084.247840 61999.429540 61964.296649 61999.429540 62084.247840 62119.380730 62204.199030 62458.653930 62713.108830 62748.241720 62713.108830 62748.241720 62833.060020 62917.878320 63002.696620 63037.829510 63172.333220 63207.466110 63292.284410 63377.102710 63461.921010 63546.739310 63631.557610 63716.375910 63801.194210 64005.963700 64041.096591 64125.914891 64210.733191 64295.551491 64380.369791 58135.417447 57980.333367 57845.829657 57810.696767 57725.878467 57690.745577 57655.612687 57690.745577 57775.563877 57860.382177 57945.200477 57980.333367 56947.961247 56863.142947 56828.010057 56792.877167 56757.744277
60396.406508 60481.224808 60566.043108 60650.861408 60735.679708 61060.400389 61145.218689 62169.066140 62084.247840 62119.380730 62253.884440 62169.066140 62253.884440 62338.702740 62423.521040 62868.192910 62833.060020 62917.878320 62833.060020 62868.192910 62953.011210 63037.829510 63122.647810 63157.780700 63292.284410 63377.102710 63461.921010 63546.739310 63581.872200 63666.690500 63751.508800 63836.327100 64090.782000 64125.914891 64161.047781 64245.866081 64330.684381 64415.502681 64500.320981 64585.139281 57980.333367 57895.515067 57810.696767 57775.563877 57740.430987 57775.563877 57860.382177 57945.200477 58100.284557 57067.912438 56983.094138 57146.702887 57061.884587 56977.066287 56892.247987
60311.588208 60396.406508 60481.224808 60566.043108 60530.910218 60566.043108 60650.861408 60685.994298 62239.331920 62373.835630 62338.702740 62253.884440 62289.017330 62373.835630 62458.653930 62613.738010 63037.829510 62953.011210 62917.878320 62953.011210 63037.829510 63072.962400 63157.780700 63242.599000 63327.417300 63412.235600 63546.739310 63631.557610 63666.690500 63701.823391 63786.641691 63871.459991 63956.278291 64111.362371 64245.866081 64280.998971 64365.817271 64450.635571 64535.453871 64620.272171 58015.466257 57930.647957 57895.515067 57860.382177 57825.249287 57860.382177 58065.151667 58220.235747 57187.863628 57351.472377 57266.654077 57181.835777 57097.017477 57012.199177 56927.380877
60276.455318 60431.539398 60226.769908 60410.959028 60446.091918 60530.910218 60566.043108 60650.861408 60685.994298 62458.653930 62423.521040 62338.702740 62373.835630 62408.968520 62493.786820 62578.605120 63172.333220 63087.514920 63002.696620 63087.514920 63172.333220 63157.780700 63192.913591 63277.731891 63362.550191 63567.319681 63652.137981 63786.641691 63751.508800 63786.641691 63821.774581 63906.592881 63991.411181 64076.229481 64161.047781 64365.817271 64400.950161 64485.768461 64570.586761 64655.405061 58050.599147 58015.466257 57980.333367 57945.200477 57910.067587 58185.102857 58340.186938 57307.814818 57272.681928 57386.605267 57301.786967 57216.968667 57132.150367 57047.332067 57012.199177
60071.685828 60106.818718 60191.637018 60326.140728 60410.959028 60446.091918 60530.910218 60566.043108 60650.861408 62543.472230 62508.339340 62493.786820 62458.653930 62493.786820 62528.919710 62613.738010 62698.556310 63122.647810 63087.514920 63172.333220 63207.466110 63362.550191 63277.731891 63362.550191 63447.368491 63532.186791 63617.005091 63701.823391 63786.641691 63871.459991 63906.592881 63991.411181 64026.544071 64111.362371 64196.180671 64280.998971 64485.768461 64520.901351 64605.719651 64690.537951 58135.417447 58100.284557 58065.151667 58030.018777 58305.054047 58460.138128 57427.766008 57392.633118 57506.556457 57421.738157 57336.919857 57252.101557 57167.283257 57132.150367 57097.017477
59986.867528 60071.685828 60156.504128 60241.322428 60326.140728 60410.959028 60446.091918 60530.910218 60615.728518 60700.546818 62613.738010 62578.605120 62613.738010 62578.605120 62613.738010 62648.870900 62733.689200 63207.466110 63172.333220 63257.151520 63482.501381 63397.683081 63362.550191 63397.683081 63482.501381 63567.319681 63652.137981 63807.222061 63892.040361 63976.858661 63991.411181 64076.229481 64111.362371 64196.180671 64231.313561 64316.131861 64400.950161 64605.719651 64640.852542 64725.670842 64810.489142 58185.102857 58149.969967 58425.005238 58580.089318 57547.717198 57512.584308 57477.451418 57541.689347 57456.871047 57372.052747 57287.234447 57252.101557 57216.968667 57181.835777
59902.049228 59986.867528 60071.685828 60156.504128 60241.322428 60326.140728 60410.959028 60495.777328 60580.595628 60735.679708 60820.498008 62663.423420 62698.556310 62733.689200 62698.556310 62733.689200 62768.822091 63292.284410 63257.151520 63341.969820 63517.634271 63482.501381 63447.368491 63482.501381 63517.634271 63602.452571 63687.270871 63772.089171 63856.907471 63941.725771 64026.544071 64161.047781 64196.180671 64231.313561 64316.131861 64351.264751 64436.083051 64520.901351 64725.670842 64760.803732 64845.622032 64930.440332 58544.956428 58700.040508 57667.668389 57632.535498 57597.402608 57661.640538 57576.822238 57492.003938 57456.871047 57372.052747 57336.919857 57301.786967 57266.654077
59866.916338 59951.734638 60036.552938 60191.637018 60326.140728 60361.273618 60446.091918 60530.910218 60615.728518 60700.546818 60785.365118 60940.449198 62783.374610 62818.507500 62853.640391 62818.507500 63412.235600 63377.102710 63341.969820 63377.102710 63461.921010 63567.319681 63532.186791 63637.585461 63602.452571 63637.585461 63722.403761 63807.222061 63962.306142 64047.124442 64202.208522 64146.495261 64280.998971 64365.817271 64450.635571 64436.083051 64520.901351 64556.034242 64810.489142 64845.622032 64880.754922 52182.549712 52217.682602 57787.619579 57752.486689 57717.353798 57781.591728 57746.458838 57661.640538 57576.822238 57492.003938 57456.871047 57421.738157 57386.605267 57351.472377
59831.783447 59916.601747 60071.685828 60156.504128 60241.322428 60446.091918 60481.224808 60615.728518 60650.861408 60735.679708 60820.498008 60905.316308 60990.134608 62973.591581 62938.458691 62903.325800 63497.053900 63461.921010 63426.788120 63461.921010 63497.053900 63652.137981 63807.222061 63722.403761 63687.270871 63722.403761 63757.536651 63842.354951 63927.173251 64082.257332 64167.075632 64251.893932 64365.817271 64400.950161 64485.768461 64570.586761 64655.405061 52077.151041 51992.332741 52077.151041 52132.864302 52097.731412 52182.549712 52267.368012 54010.922604 53926.104304 57866.410028 57781.591728 57696.773428 57611.955128 57576.822238 57541.689347 57506.556457 57471.423567 57436.290677
59746.965147 59951.734638 60036.552938 60191.637018 60276.455318 60530.910218 60566.043108 60601.175998 60735.679708 60770.812598 60855.630898 60940.449198 61025.267498 63058.409881 63023.276991 63617.005091 63581.872200 63546.739310 63581.872200 63546.739310 63581.872200 63927.173251 63842.354951 63807.222061 63772.089171 63807.222061 63842.354951 63877.487842 63962.306142 64047.124442 64131.942742 64216.761042 64371.845122 64485.768461 64520.901351 64605.719651 51907.514441 51872.381551 51907.514441 51942.647332 51977.780222 52012.913112 52097.731412 52182.549712 53926.104304 53841.286004 53806.153114 53870.391043 57731.906318 57696.773428 57661.640538 53580.803253 53545.670363 53580.803253 52957.970114
59711.832257 59796.650557 59881.468857 59966.287157 60311.588208 60396.406508 60481.224808 60636.308889 60721.127189 60855.630898 60890.763789 60975.582089 61060.400389 61505.072259 63108.095291 63701.823391 63666.690500 63631.557610 63666.690500 63701.823391 63786.641691 64011.991551 63927.173251 63892.040361 63856.907471 63962.306142 63927.173251 63962.306142 63997.439032 64082.257332 64167.075632 64251.893932 64336.712232 64421.530532 51892.961922 51857.829032 51822.696141 51787.563251 51822.696141 51857.829032 51892.961922 51928.094812 53990.342234 53955.209343 53890.971414 53806.153114 53721.334814 53785.572743 53700.754443 53665.621553 53531.117843 53495.984953 53460.852063 53495.984953 52873.151814
